timestamp,open,high,low,close,volume
2024-04-15,74.4500,74.8900,72.6200,73.0100,1794203
2024-04-12,75.1000,75.1500,73.3900,74.1900,1745687
2024-04-11,75.2000,75.9700,73.8500,75.7700,1449736
2024-04-10,77.0000,77.3850,74.2800,74.9500,2082718
2024-04-09,76.5100,78.9900,76.2800,78.9300,2016490
2024-04-08,75.2000,77.2150,75.1700,76.0700,3670619
2024-04-05,75.5300,76.5950,74.3406,74.7300,2314795
2024-04-04,78.4200,78.9550,75.2300,75.2700,1934567
2024-04-03,76.8400,77.6800,76.4600,77.5700,1886150
2024-04-02,77.5100,77.8000,76.6500,77.1600,1540668
2024-04-01,80.1300,80.8100,78.7550,78.7900,1699335
2024-03-28,79.0600,79.8350,78.4700,79.6500,2654595
2024-03-27,77.0400,78.7500,76.7500,78.6400,2751499
2024-03-26,79.3500,79.6000,76.4100,76.5900,2180382
2024-03-25,79.1900,79.8800,78.0950,79.0900,1888587
2024-03-22,80.1600,80.1800,77.9000,78.7200,2428661
2024-03-21,79.0900,80.6600,78.9900,80.5600,2677401
2024-03-20,78.0100,79.2000,77.9800,79.0100,1602363
2024-03-19,77.5700,78.1800,76.9500,77.9200,1626352
2024-03-18,78.5200,78.5900,77.0000,77.8100,1753423
2024-03-15,75.8700,77.4800,75.0000,77.2400,3852437
2024-03-14,79.1400,79.6750,75.9475,76.2000,2528246
2024-03-13,78.4700,80.3200,78.4700,79.7200,2029424
2024-03-12,78.8100,79.7600,78.0200,78.7100,1610439
2024-03-11,77.6900,78.9200,77.4500,78.5100,1944208
2024-03-08,79.3600,80.0000,78.0000,78.1900,1356659
2024-03-07,78.5600,79.9500,78.4900,78.7700,2154119
2024-03-06,80.1300,80.2300,77.5857,78.1300,2634884
2024-03-05,78.0000,80.6200,77.8100,79.4300,2632794
2024-03-04,78.9200,78.9700,77.5600,78.4900,1495555
2024-03-01,79.6250,79.6700,78.4300,79.0500,2117793
2024-02-29,79.4700,80.0300,78.6700,79.4900,2668407
2024-02-28,77.7300,79.4184,77.6500,78.7700,1515813
2024-02-27,78.4000,79.9500,78.0600,78.8300,2171777
2024-02-26,76.9300,77.7000,76.0950,77.5200,2782840
2024-02-23,77.6400,78.2700,76.9750,77.2300,2540406
2024-02-22,78.2000,78.7700,77.3200,77.8000,1941812
2024-02-21,77.3100,77.7400,76.7700,77.6300,3122000
2024-02-20,77.9800,78.1700,76.2700,77.7600,2757943
2024-02-16,78.8800,79.5300,77.6200,78.9600,3343032
2024-02-15,79.9900,81.0000,79.1100,79.4100,3658122
2024-02-14,80.1800,80.6200,78.6000,79.1400,2582363
2024-02-13,80.6200,81.4900,78.2600,79.0900,4272551
2024-02-12,82.0200,84.2300,81.6100,83.7800,2959002
2024-02-09,81.1200,82.3900,80.8500,82.0200,2928686
2024-02-08,81.6950,82.0000,80.9000,81.2900,3701620
2024-02-07,82.5000,83.3800,81.1550,82.0200,3690697
2024-02-06,81.7200,85.0900,81.4600,84.1900,3827098
2024-02-05,82.8100,83.4700,82.0500,82.2300,2699656
2024-02-02,82.8500,84.6000,82.4600,83.5000,4491342
2024-02-01,81.7700,83.8200,80.3950,83.5000,4805103
2024-01-31,85.9900,88.8900,81.1500,81.3300,5669916
2024-01-30,87.5500,87.8050,86.4100,86.7200,4054262
2024-01-29,85.2600,87.4700,84.9900,87.4400,2581697
2024-01-26,85.3200,86.4700,84.9550,86.0400,3458383
2024-01-25,83.3400,84.5800,82.4700,84.5200,2791553
2024-01-24,82.1000,83.9000,81.8100,83.0800,4390674
2024-01-23,81.6100,82.8750,81.0500,81.6400,4069204
2024-01-22,79.4700,80.6900,79.1750,80.0000,3281074
2024-01-19,78.6800,79.3900,78.0000,79.0000,4232656
2024-01-18,79.2400,79.4400,77.4600,79.0100,3338338
2024-01-17,79.5000,79.8700,78.1950,78.8600,2536601
2024-01-16,79.5700,80.8000,78.4400,80.7900,3305506
2024-01-12,84.2200,84.5000,80.8200,80.8800,2267969
2024-01-11,82.5800,83.7600,81.9200,83.6000,2455079
2024-01-10,82.3800,83.3700,81.5000,82.9200,1983672
2024-01-09,83.3500,83.5300,81.9200,82.2600,2429860
2024-01-08,83.4500,84.9000,81.8101,84.5600,2306284
2024-01-05,83.8500,85.4000,83.1200,83.4800,2194285
2024-01-04,81.0000,84.3500,79.2800,83.5900,4117933
2024-01-03,87.4600,87.7600,84.0400,84.4900,2746675
2024-01-02,89.1100,91.6600,88.7100,90.1700,1481143
2023-12-29,90.7000,91.3190,89.5100,89.7200,1520008
2023-12-28,89.4100,90.8200,89.0400,90.4700,1377391
2023-12-27,89.6500,90.1000,89.1700,89.6300,1003305
2023-12-26,89.4200,89.8800,88.6550,89.4400,2044044
2023-12-22,88.8900,89.7700,88.4500,89.0200,1079482
2023-12-21,88.0300,89.3300,87.9100,89.0700,1674633
2023-12-20,88.6500,89.5300,86.5300,86.6400,1746849
2023-12-19,87.8000,89.1083,87.6050,88.8400,1964240
2023-12-18,88.1500,88.4500,85.6600,87.3000,2110041
2023-12-15,87.7400,88.2300,86.5200,87.2000,5073933
2023-12-14,83.2400,88.8500,82.5000,88.8500,5038662
2023-12-13,79.9300,81.6100,78.7650,81.5800,3632264
2023-12-12,80.0900,81.0000,78.4000,80.4400,2650820
2023-12-11,79.3500,81.1150,79.0400,80.6100,3792267
2023-12-08,80.7800,81.6350,79.7600,79.8300,2421724
2023-12-07,80.7400,81.3100,78.9900,80.8500,2350307
2023-12-06,82.2900,82.9400,80.4900,80.8800,3027195
2023-12-05,82.1900,82.5600,80.4400,80.8500,3549210
2023-12-04,83.6100,84.6200,82.7000,82.8300,1841226
2023-12-01,82.5000,84.0300,81.9300,84.0100,2653770
2023-11-30,82.3700,83.3500,81.8300,82.8400,2790298
2023-11-29,83.4800,84.1500,82.0300,82.2700,1638020
2023-11-28,82.0800,82.9700,81.3074,81.9500,1644592
2023-11-27,82.7200,83.3900,81.7800,81.8100,1912668
2023-11-24,82.0100,83.4900,82.0100,83.1100,1170676
2023-11-22,81.6800,82.8700,81.1600,81.6300,2181565
2023-11-21,80.2700,81.1600,79.9075,80.8300,2301162
2023-11-20,81.1800,81.8950,80.3000,81.4600,1994654
2023-11-17,79.9900,81.5600,79.5900,81.1800,3003683
2023-11-16,79.7500,80.3800,78.0000,79.1500,2889565
2023-11-15,79.1800,80.8600,79.1700,80.2900,2949811
2023-11-14,77.5900,80.5700,77.4150,79.4100,3072935
2023-11-13,75.5800,76.3800,74.6300,75.4300,2468551
2023-11-10,73.1100,76.6300,72.8000,75.9300,4254078
2023-11-09,74.1400,74.9900,72.7400,72.8100,3059226
2023-11-08,75.9000,76.4600,73.2629,73.9600,3414165
2023-11-07,74.5200,75.9800,73.2001,75.7200,2828911
2023-11-06,78.0800,78.3500,73.8601,74.4500,4262513
2023-11-03,79.9500,80.3499,76.2100,77.5000,6142875
2023-11-02,78.2600,80.7400,71.0100,77.2000,10208532
2023-11-01,87.4700,87.4800,84.0300,86.0800,2957997
2023-10-31,86.4900,87.6100,85.8350,87.2000,2636215
2023-10-30,87.1900,87.2200,85.2400,86.3900,2988978
2023-10-27,89.0200,89.0500,85.5500,86.0100,2188998
2023-10-26,90.0100,91.3800,89.1000,89.3900,2305897
2023-10-25,90.0000,90.2550,88.4200,89.3700,1534600
2023-10-24,89.9300,91.3300,89.6500,90.7900,1216991
2023-10-23,91.2100,92.1400,89.4050,89.6500,1935948
2023-10-20,90.5900,92.9900,89.8300,92.0000,2973147
2023-10-19,93.0000,93.4100,89.8350,90.2500,2828901
2023-10-18,95.2200,95.2200,91.7700,92.0100,1867643
2023-10-17,95.7300,98.2800,95.5100,96.5800,1861059
2023-10-16,95.7800,97.8900,95.7800,96.6300,1097022
2023-10-13,96.7200,96.7200,94.1200,94.9600,1063301
2023-10-12,98.9500,99.3100,96.2800,97.0000,1646297
2023-10-11,98.6000,99.1100,97.8100,98.9200,851429
2023-10-10,97.2300,98.9050,97.0600,98.1200,925780
2023-10-09,95.2900,97.2600,94.8700,96.8400,844816
2023-10-06,92.8000,98.1950,92.6400,96.9700,1965682
2023-10-05,95.9700,96.3900,92.7200,94.0600,1497235
2023-10-04,94.3300,96.8900,94.1200,96.4600,1790846
2023-10-03,96.2900,96.8200,94.0900,94.5700,1493949
2023-10-02,98.1200,98.8500,96.6800,97.2500,1145697
2023-09-29,100.4300,100.8800,98.4700,98.5900,1205309
2023-09-28,95.6500,99.6000,95.4650,99.1400,1602117
2023-09-27,97.2300,97.5050,95.0000,95.8600,1162377
2023-09-26,98.0500,99.1100,96.1000,96.4500,1181991
2023-09-25,97.0100,99.2400,97.0100,99.0800,1360414
2023-09-22,98.4300,99.2600,97.6300,97.9300,1812757
2023-09-21,100.5200,100.7700,97.8800,97.9000,1601487
2023-09-20,103.3200,104.7200,101.7700,101.8500,1102377
2023-09-19,101.0700,102.8600,100.4200,102.5700,1422087
2023-09-18,101.5600,102.5100,100.8950,101.3900,1606743
2023-09-15,101.8700,103.7400,101.7700,102.4600,4737072
2023-09-14,101.9300,102.4900,99.9900,102.2900,2162561
2023-09-13,103.4300,103.8900,100.6100,101.2900,2162772
2023-09-12,99.0400,103.1700,98.9300,102.6700,2325895
2023-09-11,102.1300,102.1400,99.5200,99.7700,1454224
2023-09-08,100.9500,100.9500,99.0600,100.4800,1645832
2023-09-07,100.8600,101.7700,99.9300,100.6800,1397508
2023-09-06,103.2500,104.5500,102.0350,102.3500,1514325
2023-09-05,103.8000,104.2972,102.6400,103.1600,1748016
2023-09-01,101.9400,104.5900,101.7250,104.4900,1621092
2023-08-31,102.0600,102.3700,101.3300,101.4500,2026281
2023-08-30,100.4100,102.0500,100.2200,101.6400,1672340
2023-08-29,98.4400,101.0100,98.1400,100.8200,1186508
2023-08-28,99.1800,100.0000,98.6400,98.8700,2033637
2023-08-25,97.1400,98.2300,95.9200,97.6100,1486952
2023-08-24,97.6300,98.6500,96.2800,96.3600,1010152
2023-08-23,96.0700,98.3100,95.5700,98.0800,1204775
2023-08-22,96.8700,97.2300,95.9000,96.1300,1169945
2023-08-21,96.6700,97.4600,95.7400,96.5600,1185848
2023-08-18,95.0000,96.9400,94.8300,95.8800,1470492
2023-08-17,96.2100,97.1300,95.3800,96.0600,2244184
2023-08-16,96.4300,96.7750,95.1800,95.6200,1636145
2023-08-15,98.3500,98.8000,97.0700,97.3000,2465423
2023-08-14,97.6900,99.4600,97.0300,99.4300,1886521
2023-08-11,101.8400,102.5750,97.5900,98.7000,2761295
2023-08-10,104.7800,105.7800,102.0600,103.1800,1682654
2023-08-09,105.5500,105.7000,103.7400,104.3200,1891218
2023-08-08,104.8800,106.3500,104.0200,106.3200,1733274
2023-08-07,108.0500,108.0500,106.3000,107.1500,1687453
2023-08-04,110.7200,110.8800,106.6700,106.8000,2490170
2023-08-03,111.5200,113.1400,109.4600,109.5800,3887381
2023-08-02,108.2100,109.0800,106.2100,106.2800,2324540
2023-08-01,108.8000,109.7700,108.1350,109.4900,1408555
2023-07-31,108.9300,110.0600,108.7400,109.4900,1321470
2023-07-28,110.8000,111.0700,108.9200,109.1700,1273856
2023-07-27,112.0000,112.2500,109.0250,109.2500,2323819
2023-07-26,109.7400,111.2700,109.1500,110.3900,1255112
2023-07-25,108.9900,110.2300,108.5200,109.9000,1142349
2023-07-24,109.5000,110.9800,108.8700,109.4300,1096253
2023-07-21,110.0400,110.3300,108.0500,109.2400,1394416
2023-07-20,109.8100,110.2000,108.2050,108.6200,1366848
2023-07-19,108.9300,110.6000,108.3100,110.3800,1924985
2023-07-18,108.6000,109.3400,107.5900,108.9400,1965758
2023-07-17,110.0900,110.6850,108.7750,109.2300,1036958
2023-07-14,112.0300,112.2700,109.9500,111.0100,1418298
2023-07-13,112.9000,113.0850,111.1500,112.3700,2498893
2023-07-12,112.1300,113.6000,111.0700,112.4000,2313944
2023-07-11,109.3500,111.6100,109.0100,110.3800,2025769
2023-07-10,107.4300,108.9400,107.1500,108.6500,1848126
2023-07-07,105.1400,108.3200,105.1400,107.5500,1699362
2023-07-06,106.1500,106.2500,103.9100,104.8800,2237226
2023-07-05,103.5700,104.1500,102.5075,103.4700,1749676
2023-07-03,102.0000,103.7800,102.0000,103.0300,943937
2023-06-30,101.7100,102.4800,100.6300,102.0900,1143805
2023-06-29,101.9500,102.4600,100.5600,100.8900,1129703
2023-06-28,100.4800,101.7800,99.9100,101.1700,1380100
2023-06-27,98.9300,100.7900,98.3700,100.5400,1679118
2023-06-26,97.5200,99.2400,97.0800,97.8700,1122008
2023-06-23,96.6400,98.0100,95.8600,97.4000,2778182
2023-06-22,99.2000,99.6500,98.2100,98.6000,1520183
2023-06-21,99.9000,100.4900,98.8000,99.7700,1337311
2023-06-20,101.0000,101.0000,98.7300,100.1600,2037518
2023-06-16,101.2500,101.8750,100.4300,101.4400,3241062
2023-06-15,100.1500,101.7700,99.7300,101.2800,1409822
2023-06-14,101.4900,103.1200,100.1100,101.0100,2567243
2023-06-13,101.7200,102.5600,100.7000,101.1500,2093394
2023-06-12,99.1000,100.6200,98.3750,100.2700,1944093
2023-06-09,97.6000,98.3900,96.5100,97.9900,4740584
2023-06-08,98.4700,99.3800,97.0800,97.4000,3606759
2023-06-07,95.3400,96.4000,94.9650,96.0900,3228002
2023-06-06,91.9200,95.5300,91.9200,95.4500,1862222
2023-06-05,93.6700,93.6700,92.0000,92.2700,1758300
2023-06-02,92.5300,93.8800,91.8550,93.6900,2796434
2023-06-01,88.9900,90.8700,88.0650,90.2100,2029642
2023-05-31,90.0200,90.1300,86.6700,88.0800,4346790
2023-05-30,93.2900,93.5000,90.6700,91.2300,1677854
2023-05-26,90.4900,92.6200,90.4200,92.1300,2141846
2023-05-25,90.0000,91.0900,88.6600,89.7100,2649552
2023-05-24,91.6100,91.9000,89.5600,90.5000,3746854
2023-05-23,93.7400,94.7900,92.3700,92.4800,1654007
2023-05-22,94.5400,94.9850,93.8000,94.4300,1298744
2023-05-19,95.5000,95.8800,94.3600,94.3700,1714023
2023-05-18,93.5500,95.2100,93.3075,94.8300,2278500
2023-05-17,91.7200,93.9100,90.8500,93.8600,2392933
2023-05-16,91.6500,92.3800,90.8200,90.9000,1556179
2023-05-15,93.3400,93.7500,92.4450,92.9300,1872801
2023-05-12,94.6100,95.1200,91.8600,92.6900,2272137
2023-05-11,94.1900,94.6100,93.3100,94.2900,1727143
2023-05-10,95.5800,95.8550,93.9000,94.9100,2681121
2023-05-09,92.9200,94.0200,92.2700,93.3700,2548199
2023-05-08,93.6700,94.3000,92.5000,93.9700,1882867
2023-05-05,94.5700,95.3400,92.6850,93.4200,2561686
2023-05-04,97.4100,97.9650,91.4700,92.0500,4503049
2023-05-03,100.7100,102.0800,99.7500,99.8400,1747367
2023-05-02,101.5900,101.8250,100.0400,101.2300,1596557
2023-05-01,103.0200,103.8700,102.0100,102.1900,1472725
2023-04-28,101.4400,103.0600,100.7900,102.8600,1402762
2023-04-27,102.9500,103.4000,98.2300,101.6500,3305258
2023-04-26,102.2500,103.6600,101.7100,102.8600,1652839
2023-04-25,104.5800,104.7800,101.9150,102.3200,2135782
2023-04-24,105.8600,106.2500,105.1200,105.6100,2151165
2023-04-21,105.8800,105.8800,104.1950,105.2900,2066601
2023-04-20,104.0100,106.9000,103.9800,106.0800,2419459
2023-04-19,106.0400,107.4400,105.4250,107.4100,1608058
2023-04-18,108.1700,109.0600,107.0350,107.5100,1584800
2023-04-17,107.0700,108.5500,106.2701,107.6000,1117597
2023-04-14,106.2800,109.0900,105.7098,107.0700,1679374
2023-04-13,105.1600,106.3900,103.9950,106.0400,2168033
2023-04-12,106.4400,106.8800,103.7350,104.1900,958436
2023-04-11,104.5600,105.9550,104.2250,104.9700,1396902
2023-04-10,102.5700,104.3600,102.2900,104.3400,1107781
2023-04-06,103.6700,103.9300,101.8950,103.0200,1648427
2023-04-05,106.2000,107.3200,104.0400,104.5000,1287451
2023-04-04,110.3600,111.0400,106.8000,107.2200,1696782
2023-04-03,111.1200,112.5800,109.7800,110.4900,1927033
2023-03-31,110.7500,112.3100,110.2800,112.1900,2585027
2023-03-30,111.3500,111.8700,109.4320,109.9000,1379076
2023-03-29,109.6800,109.9000,108.1200,109.5600,1934111
2023-03-28,108.5700,109.1700,107.5000,107.9800,1292553
2023-03-27,108.2300,109.8300,107.2200,108.1000,2193363
2023-03-24,106.9600,107.7000,105.9300,107.1800,2772162
2023-03-23,108.3800,110.5450,106.4600,107.7000,1781846
2023-03-22,111.0000,111.1800,107.7100,107.7600,1495143
2023-03-21,111.5300,112.2500,110.4400,110.9800,1925832
2023-03-20,107.2100,110.1200,107.1550,108.8100,1652231
2023-03-17,110.6700,111.1504,106.5500,107.2000,2985607
2023-03-16,107.7800,112.5000,107.7500,112.1700,1942163
2023-03-15,108.9500,110.0150,106.7400,108.7600,2532772
2023-03-14,112.2600,115.1150,111.3800,113.0000,2652294
2023-03-13,108.1000,110.6500,105.9500,110.2500,2421644
2023-03-10,113.7000,113.7600,109.6400,111.0800,1502425
2023-03-09,116.8400,117.6100,113.2000,113.4300,1265706
2023-03-08,116.6800,117.2600,115.5900,116.9000,1356406
2023-03-07,118.6000,119.6200,116.4000,116.5800,1180816
2023-03-06,120.0000,120.3200,117.9500,118.4500,1034037
2023-03-03,117.8000,119.6900,117.2400,119.3000,1041622
2023-03-02,116.3000,117.1750,114.6500,116.9300,1602692
2023-03-01,117.3500,120.6500,117.0600,118.1000,2095532
2023-02-28,116.3200,117.6900,115.7700,116.2800,2126091
2023-02-27,116.6200,117.7000,115.9400,116.2900,1124663
2023-02-24,114.0000,115.5600,112.9200,114.9400,1497046
2023-02-23,116.9700,117.7299,113.8400,116.4400,1441393
2023-02-22,116.5600,117.6100,114.3800,116.1000,1374504
2023-02-21,117.2700,119.6100,116.2300,116.3000,1945131
2023-02-17,119.3600,119.8300,118.0000,119.6400,1428124
2023-02-16,120.7300,123.3100,120.5100,120.7300,2014866
2023-02-15,122.0900,124.8800,122.0000,123.0700,2731112
2023-02-14,113.5500,122.2700,113.3000,121.1000,4074631
2023-02-13,112.5000,113.6000,111.6700,112.7900,2528448
2023-02-10,113.9000,114.2300,111.6300,112.8000,2390832
2023-02-09,117.8200,119.2900,115.4600,116.0100,2306722
2023-02-08,114.4800,116.2000,114.2400,115.7900,1265637
2023-02-07,114.3200,116.4250,113.7672,115.9100,1240704
2023-02-06,114.1900,115.5300,113.8000,114.9500,1128688
2023-02-03,113.9800,118.6300,113.9800,115.7300,1931695
2023-02-02,114.7500,122.2800,114.0800,118.6800,3558075
2023-02-01,112.7500,115.0800,111.0100,114.7500,2165538
2023-01-31,110.6300,113.3700,109.4650,113.0900,1777452
2023-01-30,108.3700,111.1500,108.0200,109.8300,1847909
2023-01-27,108.0000,112.6300,107.5200,110.5900,1928489
2023-01-26,107.0200,107.7900,105.0300,106.8000,945858
2023-01-25,104.3000,105.9600,103.1200,105.7700,1447891
2023-01-24,110.0000,110.0000,104.9300,106.0200,1326763
2023-01-23,105.4100,107.6000,104.6100,107.3500,1955720
2023-01-20,101.5100,104.2800,100.9700,104.0800,1943251
2023-01-19,101.2900,102.1000,98.6750,101.1000,1451763
2023-01-18,104.0500,105.7200,102.5600,102.6400,1949719
2023-01-17,102.2300,103.5800,101.4100,102.5500,1638565
2023-01-13,99.8800,101.6200,98.5000,101.5500,1294338
2023-01-12,99.6500,102.5000,99.0000,101.6700,1627754
2023-01-11,100.2900,100.9000,98.9100,99.2800,2285163
2023-01-10,97.9800,99.6900,96.9900,99.6400,1275278
2023-01-09,97.9400,100.0300,97.2900,97.9800,1570874
2023-01-06,96.6700,99.0450,95.8800,98.3100,1405304
2023-01-05,94.5900,96.6400,93.9900,95.8600,1021686
2023-01-04,94.4900,96.0900,94.0100,95.8800,1804307
2023-01-03,94.8100,95.1750,92.0200,92.9500,1340376
2022-12-30,92.7600,93.5900,91.9800,93.1300,951639
2022-12-29,91.9900,93.9700,91.7600,93.8100,1189772
2022-12-28,91.6000,91.8000,90.0600,90.2800,1412247
2022-12-27,91.0700,92.4800,90.1400,91.5000,921923
2022-12-23,90.8100,91.6900,89.8200,91.2600,1304220
2022-12-22,91.9700,92.9800,89.6300,91.0000,1705894
2022-12-21,94.7800,95.2300,93.8550,94.1400,1561780
2022-12-20,92.7100,94.2800,91.9500,93.7000,1849307
2022-12-19,93.7300,94.1400,92.4000,93.1100,3021228
2022-12-16,94.9000,95.5300,92.8900,93.4800,3960619
2022-12-15,95.3900,96.6500,94.2500,95.9700,2223053
2022-12-14,96.8800,98.0500,95.6700,96.6000,1721198
2022-12-13,100.4900,100.4900,96.2375,97.5800,2527119
2022-12-12,93.0300,96.4350,92.8300,96.1100,2465934
2022-12-09,92.3800,93.3400,91.5150,93.2800,2554632
2022-12-08,98.0000,98.0000,92.7400,93.4600,3447510
2022-12-07,98.5500,100.2199,97.5100,97.7900,1847102
2022-12-06,102.1400,102.4550,98.4400,99.7100,1378570
2022-12-05,103.2700,103.2700,100.0700,101.6300,1570975
2022-12-02,102.6200,104.0200,101.0800,103.7300,1393321
2022-12-01,106.9500,107.6650,104.5000,105.1900,1707554
2022-11-30,103.0100,106.6900,102.1100,106.6700,2968125
2022-11-29,102.9100,102.9500,101.1800,101.8800,1250477
2022-11-28,102.3300,104.4650,101.0300,102.0200,1748188
2022-11-25,106.7900,107.0100,105.1250,105.8600,614340
2022-11-23,106.7400,108.0500,106.1000,106.9100,759025
2022-11-22,106.8100,107.3600,105.9500,107.0700,1146171
2022-11-21,106.3500,107.4700,105.2000,105.8400,1110200
2022-11-18,109.3300,109.4700,106.3000,108.0300,1254297
2022-11-17,106.2300,106.9500,104.7700,106.7200,1421705
2022-11-16,109.6100,110.0500,107.9400,108.8900,1877692
2022-11-15,111.0700,114.0700,110.6300,111.1500,1894409
2022-11-14,110.8000,111.5200,109.0000,109.6300,1957750
2022-11-11,109.6100,113.2700,108.8400,111.7100,2063673
2022-11-10,103.4800,109.4900,103.1700,109.3200,3462133
2022-11-09,99.9700,101.1300,97.3800,97.4700,1939495
2022-11-08,98.9600,101.9500,98.2300,101.1300,2631454
2022-11-07,98.6000,99.2800,96.5500,99.1700,2875938
2022-11-04,94.6400,99.2500,94.0700,97.6300,3070988
2022-11-03,92.3300,94.2200,87.4000,91.6200,3180610
2022-11-02,90.5900,92.4100,87.8300,88.0000,2721548
2022-11-01,93.1300,93.6100,91.1400,91.5900,1701600
2022-10-31,90.2000,91.3600,89.1640,91.0700,1625021
2022-10-28,88.0800,90.7000,87.2800,90.5400,1700606
2022-10-27,90.7000,91.1000,88.2400,88.5100,1958858
2022-10-26,90.2800,91.2300,89.1800,89.4000,1860884
2022-10-25,88.8000,90.5600,88.8000,90.3000,2362085
2022-10-24,87.5200,89.6100,86.3200,88.5800,1514486
2022-10-21,85.3100,87.4100,84.1400,87.0400,2488150
2022-10-20,85.8200,88.3175,84.2000,84.6600,1466823
2022-10-19,86.9300,88.2600,85.1750,85.9500,1446825
2022-10-18,88.8800,89.1500,86.7600,88.1600,2419003
2022-10-17,84.3100,85.6800,83.4500,85.3400,1277522
2022-10-14,84.8500,86.0600,80.7500,81.3900,1610606
2022-10-13,79.0500,84.2800,78.2800,83.4400,1965391
2022-10-12,82.3100,82.5200,80.6750,81.8100,2048513
2022-10-11,83.0200,84.4200,81.2900,81.9200,1884163
2022-10-10,84.7400,85.0500,81.6800,83.4000,1807709
2022-10-07,86.2300,86.6300,83.2600,85.1900,2418966
2022-10-06,86.6900,88.6950,86.3800,88.3700,1710263
2022-10-05,86.2000,87.5350,85.0200,87.1000,1357083
2022-10-04,85.8100,88.2400,85.6900,88.1300,2097126
2022-10-03,79.5700,84.8500,77.9600,83.0400,2238636
2022-09-30,80.0000,81.6250,78.0800,78.2100,2100695
2022-09-29,82.4600,83.0860,79.0400,80.4500,2048353
2022-09-28,83.4200,86.5800,83.1100,85.9400,1792467
2022-09-27,85.2900,85.2900,81.5100,83.0000,1959855
2022-09-26,83.4900,85.9800,83.2200,83.6300,1661550
2022-09-23,84.7000,85.0500,81.9700,83.5500,2597681
2022-09-22,90.5100,91.0300,86.1400,86.8700,1933837
2022-09-21,93.4000,94.8600,90.8400,90.8500,1553813
2022-09-20,94.4600,94.7850,92.4800,93.0300,2031658
2022-09-19,91.8200,96.4600,91.6800,96.2000,1390061
2022-09-16,95.5300,96.2300,92.6600,93.2800,2808369
2022-09-15,96.5000,102.1700,96.4000,96.7500,1923109
2022-09-14,97.2400,98.2100,95.2500,97.6400,1731107
2022-09-13,95.0800,98.5800,94.8800,97.0300,2038434
2022-09-12,97.8300,99.9000,97.4100,99.7500,1613442
2022-09-09,94.2700,96.9100,93.9300,96.7400,1390812
2022-09-08,90.1500,93.4650,89.4600,93.4200,1129491
2022-09-07,88.7100,92.3400,88.7100,92.0900,2266885
2022-09-06,91.0300,91.7400,88.0700,88.9100,1692647
2022-09-02,95.3400,95.6397,90.8250,91.3100,1420803
2022-09-01,91.8700,93.6700,89.7000,93.5600,1411220
2022-08-31,94.9300,95.5700,93.2400,93.4300,2241804
2022-08-30,95.7500,96.8400,93.0600,94.3200,1185367
2022-08-29,93.3300,95.3100,93.0900,94.6300,1234635
2022-08-26,99.7900,100.3600,94.5400,94.5500,1253119
2022-08-25,98.3700,100.1500,98.0500,99.8600,1464069
2022-08-24,96.5500,98.6500,96.3000,97.5000,1020904
2022-08-23,96.5900,98.5100,95.9600,96.0300,1563472
2022-08-22,100.2900,100.4900,95.8400,96.1200,2654455
2022-08-19,105.0000,105.6350,102.9800,103.7700,1386124
2022-08-18,106.0100,107.5000,105.3200,106.7500,1148999
2022-08-17,105.5200,107.0000,104.4900,106.1000,1735319
2022-08-16,107.9700,109.1500,107.4715,108.0700,1419488
2022-08-15,109.5300,110.5800,108.6501,108.7900,1704008
2022-08-12,110.0800,111.7700,108.7800,111.4300,1827016
2022-08-11,107.2000,109.2400,106.0300,108.6300,2265288
2022-08-10,103.8900,106.3900,103.4700,105.3300,1891904
2022-08-09,102.2300,102.2300,98.8680,99.4300,2186386
2022-08-08,100.3100,103.7900,99.6700,102.4800,2109434
2022-08-05,97.2100,100.3750,96.4700,98.4100,3269530
2022-08-04,101.0000,102.4500,98.1700,99.0700,5611776
2022-08-03,109.1900,110.3450,108.2350,109.7400,2288673
2022-08-02,105.2100,109.7890,105.0500,108.4400,2964110
2022-08-01,103.6400,107.5400,103.0350,106.3800,2152642
2022-07-29,103.8900,105.0000,103.1750,104.8900,1553188
2022-07-28,101.5900,103.6100,99.6700,103.5600,1651292
2022-07-27,97.2500,100.7000,96.8854,100.2900,1938857
2022-07-26,96.4500,97.4200,95.4400,96.2400,1854748
2022-07-25,98.3600,98.6100,95.6500,97.8700,1204919
2022-07-22,101.1900,101.2500,96.8400,97.6300,1113006
2022-07-21,97.6700,100.4600,97.3300,100.4100,2213326
2022-07-20,96.5500,98.9650,96.0000,98.3900,1756350
2022-07-19,93.0800,97.1900,93.0800,97.1100,1635478
2022-07-18,93.1700,94.1800,90.3800,90.8200,1082243
2022-07-15,90.1000,91.9200,88.4700,91.4700,1827108
2022-07-14,87.8000,88.7500,85.0550,87.5800,1737651
2022-07-13,87.6100,90.4100,86.0400,89.6500,1571264
2022-07-12,87.7900,91.4600,87.3500,89.9100,2568179
2022-07-11,91.0800,91.9400,87.2600,87.5100,1757777
2022-07-08,92.7400,93.6200,90.7500,92.4600,1218737
2022-07-07,89.8400,92.9700,89.1200,92.7000,1668225
2022-07-06,90.2400,91.6600,86.9900,87.5400,1621657
2022-07-05,87.9000,90.6750,85.9200,90.6300,1832389
2022-07-01,89.0800,92.5000,88.6500,91.4500,1878265
2022-06-30,90.4400,90.5350,86.5100,89.0700,2450518
2022-06-29,94.5900,94.9700,91.6250,92.7700,1284951
2022-06-28,97.6300,100.3300,95.5200,95.6100,1679957
2022-06-27,97.9000,99.0900,96.1400,97.5000,2209435
2022-06-24,93.0000,97.1600,92.7500,97.0900,2436991
2022-06-23,90.8300,92.4000,89.7500,92.1400,2723786
2022-06-22,89.6900,93.6400,89.3760,90.9600,1861274
2022-06-21,90.0400,91.3300,88.4600,90.6900,2218328
2022-06-17,85.8900,88.4300,84.1400,86.8400,3739575
2022-06-16,92.0300,92.3300,85.2800,86.1600,2731468
2022-06-15,96.6500,97.8425,91.1800,95.4600,3937902
2022-06-14,95.6300,96.6200,94.0500,94.9200,1721011
2022-06-13,97.7800,98.2144,93.5400,95.2400,1796474
2022-06-10,104.5000,105.9600,101.0950,101.3200,1485560
2022-06-09,108.6700,109.7400,107.1800,107.2200,813638
2022-06-08,109.3500,111.3700,107.9200,109.7700,1055055
2022-06-07,108.2300,111.1088,107.3400,109.6600,1298298
2022-06-06,108.5200,111.0300,107.4400,109.8900,1745436
2022-06-03,108.1100,109.2600,106.0200,106.2800,1253265
2022-06-02,108.0000,110.9900,107.5300,110.8900,1781126
2022-06-01,106.7700,108.4700,105.1900,107.5200,2510762
2022-05-31,104.3500,107.3000,102.3550,106.2400,3235173
2022-05-27,103.2100,105.4500,103.0000,104.3500,2486671
2022-05-26,95.4800,102.4600,95.4600,101.7500,3394492
2022-05-25,90.5100,94.1900,89.8350,93.5000,1208764
2022-05-24,93.1100,93.5400,90.3600,91.0700,1691931
2022-05-23,95.3300,95.3300,92.4100,94.0000,2036047
2022-05-20,97.2500,97.6600,90.6300,93.5800,1812087
2022-05-19,93.9300,97.3150,92.9400,94.9300,2330529
2022-05-18,96.9100,98.3900,93.9500,94.1500,1911063
2022-05-17,98.0800,99.2500,96.8300,99.1700,1696672
2022-05-16,96.0900,96.8250,92.2600,95.1200,2998726
2022-05-13,94.0500,98.6650,93.2600,98.1300,1536766
2022-05-12,89.5300,93.6100,88.1500,91.4900,2683031
2022-05-11,96.3500,98.0100,90.5900,90.7400,2837282
2022-05-10,97.9800,98.1800,92.1700,95.9000,2841613
2022-05-09,99.9400,100.8200,94.7200,95.2100,2133419
2022-05-06,104.4700,104.7000,98.9600,101.8400,2474457
2022-05-05,106.0800,110.9400,103.4000,104.6300,2492014
2022-05-04,107.2900,110.6400,105.5600,110.4200,2948925
2022-05-03,108.4900,109.2000,106.5400,107.6100,3006894
2022-05-02,106.1200,108.8400,103.9900,108.6900,1486014
2022-04-29,107.4000,109.9000,106.0800,106.4000,1423087
2022-04-28,106.0100,108.5000,103.0700,107.8400,1395535
2022-04-27,102.9600,105.7700,102.3400,103.7100,1274462
2022-04-26,106.0800,107.2716,101.7700,102.5100,1613445
2022-04-25,106.1300,107.9350,104.0100,107.6300,1599025
2022-04-22,107.5500,109.2400,106.2500,106.4800,1289922
2022-04-21,114.5100,115.2400,109.0500,109.4600,1202101
2022-04-20,111.6300,113.7300,110.9900,111.0400,1411685
2022-04-19,106.3700,110.8250,106.3700,110.4700,1121971
2022-04-18,103.2100,107.0300,103.2100,105.7800,1427823
2022-04-14,109.1400,110.1180,107.1500,107.5100,1180687
2022-04-13,110.1600,111.7000,108.5800,108.9000,1981304
2022-04-12,110.5400,113.2000,109.8600,110.8600,2105064
2022-04-11,107.2800,112.4500,106.6700,108.2100,2282258
2022-04-08,109.3500,111.1700,108.1700,108.3700,1581218
2022-04-07,110.1400,111.0700,107.3900,110.2200,1572480
2022-04-06,112.8000,112.8000,109.4707,111.3900,2220816
2022-04-05,116.5700,117.4600,111.9700,112.7800,2270778
2022-04-04,119.0000,119.6100,117.9600,118.7300,1371188
2022-04-01,120.5300,121.9900,118.4600,119.0700,1819690
2022-03-31,120.4600,121.9100,119.6450,119.7100,2424303
2022-03-30,123.3300,124.5000,121.7800,122.1600,1299910
2022-03-29,125.9800,129.1800,123.3500,126.1400,2424230
2022-03-28,118.2400,119.2500,117.4400,118.8500,1530931
2022-03-25,118.2800,119.4900,116.4100,118.2400,1413590
2022-03-24,119.0600,119.3800,117.5300,118.7800,1816619
2022-03-23,118.0000,119.1000,117.2300,117.9400,4250875
2022-03-22,116.9600,118.6600,116.2100,118.3000,2070668
2022-03-21,117.9700,118.8500,114.9400,116.1900,2776631
2022-03-18,115.2400,119.7700,114.1100,118.7000,2618419
2022-03-17,113.3600,117.6800,112.7800,115.7000,1684163
2022-03-16,110.3900,117.4300,110.3900,116.7100,3168612
2022-03-15,105.9500,110.5500,105.5492,108.0700,1966042
2022-03-14,105.9300,109.4500,104.0000,104.4700,2840525
2022-03-11,107.0100,107.6200,104.4500,106.1500,2859543
2022-03-10,101.1000,106.0800,100.5400,105.6800,3082827
2022-03-09,107.7000,108.6211,103.9650,104.6100,2756894
2022-03-08,99.9300,105.7100,94.7500,100.1400,6261025
2022-03-07,105.4300,106.6400,97.2900,97.6300,4971153
2022-03-04,114.3600,114.6150,104.3100,105.8700,5646104
2022-03-03,121.8300,122.5300,116.1300,116.8700,2093832
2022-03-02,119.5200,122.8700,118.1300,121.7100,3267181
2022-03-01,128.7000,129.2000,117.0000,118.0500,4974436
2022-02-28,132.7900,133.9800,127.6900,129.4400,2816005
2022-02-25,135.1400,136.8300,132.9400,136.0000,1448212
2022-02-24,127.3400,134.3300,125.5600,134.2200,2223417
2022-02-23,139.2900,139.2900,132.5750,133.2500,1396868
2022-02-22,140.4500,142.0350,135.7150,137.5200,1292473
2022-02-18,143.7000,144.7200,140.3100,141.1500,1227513
2022-02-17,143.6800,145.8300,142.1200,143.1300,1554022
2022-02-16,140.4200,147.0500,140.4200,146.2600,1861566
2022-02-15,139.4500,143.9900,139.2300,143.6100,2573024
2022-02-14,134.2600,137.9800,134.2600,136.6000,2442778
2022-02-11,135.9200,137.3900,132.4500,134.0000,1961044
2022-02-10,136.9000,141.1400,134.9000,135.9200,1977330
2022-02-09,136.0100,139.5900,135.9200,139.2800,1686120
2022-02-08,131.3000,134.7700,129.8900,134.2400,2025936
2022-02-07,132.2400,134.1900,130.6300,130.8400,1614031
2022-02-04,129.2800,134.1040,128.8400,132.2000,2619979
2022-02-03,134.5100,139.3850,131.6900,131.8600,2601101
2022-02-02,140.4300,141.8100,138.0400,139.7900,1944469
2022-02-01,138.3100,141.2600,135.4400,139.9900,3510040
2022-01-31,130.8900,136.9300,130.4200,136.5800,3579369
2022-01-28,131.7700,132.0400,127.6300,130.9800,3273569
2022-01-27,137.4300,139.3900,130.0500,132.0100,2125401
2022-01-26,138.9000,141.5700,132.8900,135.2100,1568973
2022-01-25,136.0300,138.2600,132.8900,135.9300,2163096
2022-01-24,134.6700,140.2200,127.8600,139.8900,2837329
2022-01-21,140.8200,144.5000,139.6500,140.1900,2900318
2022-01-20,146.6500,148.9200,141.7300,142.0000,1519840
2022-01-19,151.3000,151.3600,145.7400,145.8800,1465552
2022-01-18,151.6200,151.6700,147.7300,149.5600,1843462
2022-01-14,156.0000,156.3700,148.7800,152.6000,2237428
2022-01-13,160.5300,163.5200,158.5000,158.5700,1984517
2022-01-12,161.7800,163.8050,157.3200,159.7900,1532223
2022-01-11,158.4000,162.2900,157.7100,159.7000,2817650
2022-01-10,167.7600,169.5500,160.8300,165.0700,1021591
2022-01-07,173.7700,175.9100,169.3600,169.4700,1502360
2022-01-06,168.8800,174.2583,165.4950,174.1200,2040974
2022-01-05,172.5000,173.9400,168.2600,168.2800,1205528
2022-01-04,167.6500,174.3800,167.2900,172.2100,1713881
2022-01-03,166.3800,168.2300,165.0000,166.0300,1184364
2021-12-31,162.4800,165.7200,162.1101,164.9500,578414
2021-12-30,164.3300,166.0200,162.9400,163.1400,513349
2021-12-29,163.5300,164.6150,162.2250,163.2100,539248
2021-12-28,162.9700,164.4800,162.2500,162.6300,689323
2021-12-27,162.7200,164.3000,160.5000,163.4500,746080
2021-12-23,162.2100,163.7900,161.8150,162.4000,698649
2021-12-22,158.4200,161.8100,158.0300,160.8200,1136864
2021-12-21,155.5100,158.2300,154.6700,158.0200,1960396
2021-12-20,155.5300,156.0000,151.2300,153.3600,1589476
2021-12-17,160.8800,162.3900,157.2600,158.4200,2708629
2021-12-16,164.9000,168.9900,161.9000,162.1600,1310529
2021-12-15,159.5300,164.4700,158.4900,164.4400,1692621
2021-12-14,162.0300,163.6100,157.7100,160.8200,1713221
2021-12-13,168.0200,168.6050,162.8450,162.9600,1269876
2021-12-10,168.6600,169.4504,166.3900,168.9700,601450
2021-12-09,169.3800,169.6300,166.1500,166.8000,912648
2021-12-08,169.0900,170.7600,167.4000,170.3800,1011228
2021-12-07,166.5600,169.6100,166.5600,167.6200,1433324
2021-12-06,166.0000,166.1650,161.8000,164.4100,1300591
2021-12-03,166.4500,166.6800,160.6700,162.3500,1335926
2021-12-02,162.5600,166.4350,161.1600,165.7700,1641600
2021-12-01,164.9100,167.9100,159.8310,160.0000,1681087
2021-11-30,165.5200,165.5200,159.6476,160.3500,2035501
2021-11-29,167.2400,168.1400,162.7700,165.4900,1520030
2021-11-26,165.5700,166.5200,161.1700,163.4100,821935
2021-11-24,168.5000,170.1350,166.1350,169.5600,1034261
2021-11-23,174.6400,176.0000,170.1500,170.3000,1941401
2021-11-22,176.2700,177.5300,174.0000,175.5000,1000905
2021-11-19,176.6700,177.6650,175.1400,176.0600,1153112
2021-11-18,177.3300,179.4000,174.6200,176.2600,1205984
2021-11-17,175.5400,177.0700,174.7769,176.5100,1369068
2021-11-16,173.2700,175.5700,172.3500,174.6300,1524518
2021-11-15,172.1200,174.0562,170.1306,172.1300,1777813
2021-11-12,169.8000,171.6150,168.5350,170.5000,2713948
2021-11-11,172.7100,172.8600,167.5601,169.0100,1724434
2021-11-10,170.9600,173.6200,169.6200,171.4200,1973813
2021-11-09,174.2900,175.3900,171.2001,172.4700,1938930
2021-11-08,171.5800,174.0550,171.5000,173.2300,2083107
2021-11-05,179.6600,179.6600,174.0400,175.0300,1557188
2021-11-04,179.5000,180.8100,176.7500,177.4600,1726692
2021-11-03,174.3200,180.2900,173.3900,178.1200,1590182
2021-11-02,174.5100,175.0000,172.2900,174.6100,1755818
2021-11-01,174.2700,175.7800,173.2400,175.7300,1661800
2021-10-29,171.5600,173.2100,171.3000,172.8900,972878
2021-10-28,170.3800,172.6400,169.7000,172.0700,968797
2021-10-27,168.1200,172.0000,167.8500,169.2200,949516
2021-10-26,171.1800,171.5700,168.1250,169.1800,963688
2021-10-25,169.4800,170.6394,168.0000,170.2900,1176149
2021-10-22,170.0000,170.2200,167.2000,168.3800,1024462
2021-10-21,169.2200,170.5200,168.3700,169.5100,1187041
2021-10-20,164.5500,169.0000,164.4600,168.9800,1269984
2021-10-19,168.9400,169.5500,166.1400,166.5800,962182
2021-10-18,166.9800,169.0250,166.3800,167.8000,1224704
2021-10-15,169.3100,169.9900,167.9850,168.7400,1201353
2021-10-14,166.1200,168.0300,165.0800,167.3200,1078411
2021-10-13,163.0000,165.0750,160.9500,164.8800,1590927
2021-10-12,161.2800,164.5200,160.0100,163.0200,1391077
2021-10-11,165.0000,166.9000,160.0800,160.1500,2535460
2021-10-08,165.0000,166.9100,163.2200,165.1200,1471758
2021-10-07,160.0500,165.6200,158.5300,164.8000,1433163
2021-10-06,154.9900,157.7900,152.1700,157.7000,1339547
2021-10-05,157.0300,159.4400,155.7950,158.1000,1977264
2021-10-04,153.3400,157.9100,152.9600,157.6600,2945456
2021-10-01,150.3800,152.8950,147.9700,152.7000,1388658
2021-09-30,151.3700,152.4700,148.8500,148.9700,1735757
2021-09-29,154.2400,155.1200,150.1500,150.6400,1159918
2021-09-28,155.0000,156.3000,151.9200,154.2100,1599371
2021-09-27,150.2600,154.8200,149.5300,154.2000,1114334
2021-09-24,152.0000,153.2500,150.8000,151.0300,823635
2021-09-23,147.6600,153.5400,147.4800,152.7600,2000135
2021-09-22,144.2200,146.4300,143.7200,145.1700,1395613
2021-09-21,144.9100,145.7800,141.0600,142.3000,1183891
2021-09-20,141.4600,143.8900,140.6000,143.4800,1463038
2021-09-17,147.5700,148.7000,144.9800,146.4300,1995041
2021-09-16,152.8000,153.3000,147.4850,149.1800,1436276
2021-09-15,150.3400,154.9700,149.6700,154.2700,2428846
2021-09-14,149.4700,150.9700,148.9350,149.8300,1269397
2021-09-13,148.3000,148.9600,146.2000,148.2500,1783829
2021-09-10,150.5600,151.6750,146.3900,146.4400,1175856
2021-09-09,147.6800,149.2100,146.7900,148.9300,991358
2021-09-08,149.5600,149.9600,145.1700,148.0400,1697774
2021-09-07,149.3500,151.1400,149.2900,150.6100,1671242
2021-09-03,150.7600,150.7600,148.8100,149.9300,1260348
2021-09-02,152.6300,152.6400,150.8700,151.0700,935054
2021-09-01,151.7600,152.5300,149.2100,151.4000,1277592
2021-08-31,153.7300,154.0200,151.7500,152.1900,1977667
2021-08-30,156.8300,157.1737,153.0400,153.1100,1202647
2021-08-27,155.0000,157.2291,155.0000,156.4100,1454789
2021-08-26,157.0400,157.5000,153.9600,154.2100,798247
2021-08-25,158.7300,158.7300,156.8200,157.4200,1276431
2021-08-24,155.9900,158.0300,155.9900,157.6400,1253481
2021-08-23,155.8100,156.7700,154.9200,155.2000,1247955
2021-08-20,152.7200,154.9400,151.5000,154.6500,1114309
2021-08-19,154.3400,154.3700,150.1650,152.9200,1435437
2021-08-18,157.6600,158.8250,156.4300,156.5800,908951
2021-08-17,161.6800,162.2000,155.7600,158.2500,1018847
2021-08-16,163.0700,164.4100,161.6650,164.2400,916467
2021-08-13,167.0200,167.2500,164.4600,164.9300,707201
2021-08-12,168.4500,168.8350,165.0500,166.5200,885387
2021-08-11,169.1500,170.0000,165.7700,168.1400,1039476
2021-08-10,166.3300,170.4700,166.3300,169.7600,1284761
2021-08-09,161.8800,166.8200,161.8800,165.3100,973602
2021-08-06,161.8300,164.1300,158.9900,163.1500,1053154
2021-08-05,157.3400,161.7500,155.3210,159.6500,2125103
2021-08-04,168.0200,168.6500,165.6200,165.7200,1609586
2021-08-03,168.4100,169.3300,165.5200,169.1400,781123
2021-08-02,168.2900,169.9400,166.9800,167.6600,1360294
2021-07-30,165.6000,168.6800,165.0900,166.8500,1303988
2021-07-29,164.3400,167.9200,163.9600,167.6500,1304621
2021-07-28,159.1500,163.5799,159.0100,162.3200,1319499
2021-07-27,157.6800,159.1300,156.0800,158.9000,900285
2021-07-26,157.6200,159.8100,156.5500,159.7500,812183
2021-07-23,156.4100,158.1300,155.6700,157.3900,680629
2021-07-22,155.6400,155.8200,153.2900,154.4900,651398
2021-07-21,154.6600,156.7200,154.1500,156.0500,905250
2021-07-20,148.1500,153.8300,146.8400,153.1500,1060577
2021-07-19,144.5800,148.1400,143.4600,147.1700,1560146
2021-07-16,154.7700,154.7900,149.5400,149.7500,860114
2021-07-15,154.4800,155.4600,152.2300,153.5900,722286
2021-07-14,158.4800,159.2300,154.4500,155.8100,787890
2021-07-13,158.1600,158.5100,156.4750,157.5300,1073138
2021-07-12,155.1900,159.6200,154.4700,158.5200,1077564
2021-07-09,153.3200,156.6800,152.8500,155.6100,1044256
2021-07-08,150.4900,151.8400,147.8650,151.2800,1617438
2021-07-07,157.2500,157.3300,151.1300,154.0000,1765011
2021-07-06,160.0000,160.0800,155.8600,157.6000,1152185
2021-07-02,158.8100,160.5300,157.8850,159.8700,1235996
2021-07-01,158.4800,159.1600,157.2250,158.7300,998541
2021-06-30,157.5600,158.5500,156.7900,157.3300,1172897
2021-06-29,155.2500,158.7500,154.7700,158.3000,1326132
2021-06-28,155.1800,155.6300,152.4050,154.7000,1439120
2021-06-25,155.0000,156.0000,154.4100,155.7700,2789505
2021-06-24,155.6100,156.8900,154.5100,155.1300,1071651
2021-06-23,151.7400,153.7150,151.3400,152.7500,724544
2021-06-22,150.9200,152.0000,150.1400,151.6400,1252454
2021-06-21,149.0000,151.5000,148.0300,150.4400,1662046
2021-06-18,148.7300,149.8300,146.6300,147.2700,1869779
2021-06-17,154.0000,155.7050,149.5500,151.3600,1989425
2021-06-16,156.5000,157.4700,153.7200,154.3700,1839708
2021-06-15,157.3000,157.5600,156.4020,157.0000,1200647
2021-06-14,156.4600,157.5800,155.0000,157.4700,940457
2021-06-11,156.1400,157.2400,155.3200,156.7600,889081
2021-06-10,159.6100,159.7500,155.0700,155.5400,1170939
2021-06-09,159.0000,159.3100,157.6000,158.3300,1327769
2021-06-08,157.2500,159.6150,155.8800,159.2700,912307
2021-06-07,160.0000,160.0000,156.0300,157.2500,1093224
2021-06-04,157.0000,159.8900,156.7000,159.7500,1614231
2021-06-03,154.6200,158.3100,153.6000,155.9900,1856539
2021-06-02,155.0000,155.3500,152.1100,155.0000,2014529
2021-06-01,152.2200,155.7550,151.2050,154.9100,1375808
2021-05-28,150.5200,151.5600,148.2300,150.4200,1279269
2021-05-27,145.6800,151.9500,144.7450,150.8900,2409582
2021-05-26,141.8700,143.8500,141.5200,143.3800,868346
2021-05-25,141.7900,143.7850,141.1800,141.8600,858346
2021-05-24,141.6000,142.5300,140.0869,141.4600,786439
2021-05-21,138.5600,141.2800,138.1600,140.4600,1351233
2021-05-20,138.1600,138.6600,136.3300,137.3100,1066327
2021-05-19,135.0000,137.4100,134.0700,136.9200,1169250
2021-05-18,140.0000,140.8200,137.1600,137.3300,1057435
2021-05-17,138.1900,139.6600,136.7748,139.0400,844958
2021-05-14,138.4000,139.8800,136.3200,139.1800,753344
2021-05-13,135.4900,138.9900,134.1800,136.9300,1420638
2021-05-12,139.4300,141.4000,133.4500,134.3700,1362471
2021-05-11,140.6600,141.9400,137.5700,140.6300,1833004
2021-05-10,147.9400,148.1900,143.7800,143.7800,1308368
2021-05-07,142.1100,148.8900,141.8200,148.7700,1451327
2021-05-06,140.5000,143.9200,137.0900,141.4600,1676296
2021-05-05,141.6500,143.8800,140.1400,142.9200,1356800
2021-05-04,141.3300,142.3900,138.1450,139.7400,2103429
2021-05-03,145.0500,145.9400,143.0610,143.4400,1612907
2021-04-30,143.5500,146.2900,142.6850,143.8900,1692349
2021-04-29,147.4500,148.0800,143.3000,144.5400,1351219
2021-04-28,145.7800,147.5000,145.1100,146.9200,1030266
2021-04-27,145.7800,147.8600,145.0200,146.7100,1019807
2021-04-26,145.7500,147.0000,144.4300,145.2000,941478
2021-04-23,140.7100,145.7700,139.1900,144.8900,1597092
2021-04-22,139.8000,140.6300,137.4900,138.9300,984662
2021-04-21,134.7600,139.4800,133.5500,139.1800,1073597
2021-04-20,140.0000,140.1600,133.6700,135.0400,1628157
2021-04-19,141.0000,141.1700,139.2800,140.3200,1346524
2021-04-16,143.8700,145.2500,140.8800,141.0500,1572701
2021-04-15,142.4800,142.8200,139.6800,141.8400,1272594
2021-04-14,141.8200,145.0400,141.3000,142.2500,1044928
2021-04-13,143.6000,144.1400,139.6400,141.2000,1249680
2021-04-12,142.9200,143.6000,141.6100,143.1500,895232
2021-04-09,140.4400,142.5100,139.9600,142.4300,929249
2021-04-08,139.9800,141.2200,138.0900,140.1500,1321009
2021-04-07,143.5500,144.7700,140.0900,140.7100,1189724
2021-04-06,142.6100,145.4300,142.0200,144.2800,1593263
2021-04-05,142.0000,144.0200,141.4800,142.0100,1203254
2021-04-01,139.7100,141.7100,138.9500,140.7400,1894702
2021-03-31,139.5100,139.7773,137.5000,137.9000,1901971
2021-03-30,135.3100,137.5000,133.6300,137.2900,2812033
2021-03-29,139.8500,140.5400,134.8600,135.0800,1703000
2021-03-26,142.7500,143.5550,137.3450,140.6400,1656572
2021-03-25,138.0000,143.3600,137.0750,142.6800,1274892
2021-03-24,141.2000,143.3600,139.8300,139.8500,1438088
2021-03-23,143.4200,144.7000,138.2300,139.4800,1920401
2021-03-22,146.2300,146.3600,143.1100,145.0400,1795761
2021-03-19,143.5700,147.7700,143.5700,145.9400,3381274
2021-03-18,152.7300,155.5800,148.6600,148.9000,1413771
2021-03-17,147.8000,153.6500,146.2412,153.2300,1741052
2021-03-16,152.5750,152.5750,146.6700,147.3500,1593275
2021-03-15,150.5700,153.0800,148.6300,152.8300,1128128
2021-03-12,151.1000,151.8000,150.1000,150.9000,1477341
2021-03-11,150.0500,153.9400,149.5500,152.5100,1407001
2021-03-10,144.4900,150.4100,144.4000,148.6900,1782339
2021-03-09,146.3200,146.8725,142.1400,143.5000,2701645
2021-03-08,147.9200,149.9000,144.3800,144.6000,2435081
2021-03-05,148.2500,148.2500,135.7900,146.1700,2952621
2021-03-04,153.8100,154.2200,142.4600,146.4000,2345595
2021-03-03,154.7600,160.1400,154.7200,155.5500,1519632
2021-03-02,155.0000,156.2400,152.4700,154.2100,1098929
2021-03-01,151.0600,155.6000,151.0000,154.7600,1764845
2021-02-26,148.7200,150.5800,144.7100,149.8400,2536450
2021-02-25,154.3600,154.7000,145.8000,147.4400,2075247
2021-02-24,153.2000,155.5100,150.6400,155.2200,2041676
2021-02-23,153.8100,154.1900,146.8800,151.6600,2287943
2021-02-22,152.9100,159.3237,152.5100,156.9900,1769783
2021-02-19,151.3700,154.8650,150.7400,153.8000,1771286
2021-02-18,155.3700,155.6000,148.0300,149.3500,1531369
2021-02-17,154.0800,157.2100,152.9200,156.5700,1332257
2021-02-16,157.0100,159.5000,154.7700,155.0900,1875550
2021-02-12,153.8900,156.5200,151.4300,156.2900,1404292
2021-02-11,151.0700,154.5700,148.6100,153.9500,1812023
2021-02-10,149.4500,149.9900,146.4500,149.8900,1950467
2021-02-09,147.5000,149.3700,145.7300,148.2800,1130767
2021-02-08,148.0000,149.3800,146.0737,148.7700,1653996
2021-02-05,144.8600,147.4300,144.0400,147.1300,1944407
2021-02-04,150.0000,151.2300,142.1500,142.1500,4001011
2021-02-03,141.3600,146.5000,141.0000,143.1500,2346393
2021-02-02,141.0000,143.3500,140.3100,141.2600,2115982
2021-02-01,135.2400,139.3000,135.2400,138.7700,1654671
2021-01-29,133.5900,137.0600,130.6600,133.6000,2596573
2021-01-28,130.3600,135.0928,129.2700,133.4200,3049121
2021-01-27,131.7600,133.3800,127.2100,127.9600,2274360
2021-01-26,139.2900,140.3500,135.3000,135.7000,1652095
2021-01-25,139.0000,139.8100,134.1000,139.0100,2197115
2021-01-22,141.2800,143.6900,139.0000,139.4900,2251713
2021-01-21,145.6900,146.5700,143.3500,143.8500,1855358
2021-01-20,145.6000,145.9500,143.0300,145.1200,2112724
2021-01-19,146.1000,147.6200,141.0200,142.5700,1789765
2021-01-15,143.2500,143.8700,137.5300,142.7500,1783677
2021-01-14,146.6700,147.0044,143.1100,144.2200,1879798
2021-01-13,150.0200,150.9900,145.1000,146.0600,2275190
2021-01-12,146.7400,152.7800,146.2000,151.0900,2220526
2021-01-11,142.9500,147.4600,141.7100,145.0800,2475268
2021-01-08,146.2700,151.1900,143.8100,145.5600,2471865
2021-01-07,141.0200,145.8500,140.6100,144.8000,2237289
2021-01-06,133.7400,138.9600,133.0100,138.1100,2078591
2021-01-05,129.0000,133.8000,129.0000,133.3900,1762811
2021-01-04,131.3600,131.9700,127.7600,129.5100,1934729
2020-12-31,130.8000,131.2300,129.7000,130.2900,769866
2020-12-30,128.7100,131.0300,128.7100,130.7900,997384
2020-12-29,129.0400,130.3500,127.0600,128.0700,838458
2020-12-28,128.9400,130.0163,128.0000,128.1400,640780
2020-12-24,128.9000,129.2000,127.0550,128.4200,350063
2020-12-23,127.1400,130.0400,126.3100,128.3500,1440618
2020-12-22,123.8000,126.0000,122.7200,125.0400,1057680
2020-12-21,120.0000,123.6800,119.7500,123.3200,1281861
2020-12-18,125.0000,125.7439,122.3700,124.3000,3689100
2020-12-17,124.0600,125.2250,123.2100,124.8900,1404028
2020-12-16,122.9600,123.6000,121.1200,122.8400,1240484
2020-12-15,123.4200,123.9900,119.8100,122.6100,2713729
2020-12-14,123.9900,124.2963,121.5700,121.6500,1810108
2020-12-11,122.5600,123.6200,121.2700,122.2400,1599289
2020-12-10,122.1200,124.5000,122.0500,124.1500,1045990
2020-12-09,124.7900,125.7600,122.7925,123.7300,1535453
2020-12-08,123.4100,124.7100,122.5200,123.0700,790863
2020-12-07,123.5100,123.6400,121.5000,123.4600,886355
2020-12-04,122.3700,124.2400,121.6800,123.3500,1157704
2020-12-03,121.5800,122.0200,120.4000,121.1600,1231335
2020-12-02,121.1700,122.1020,120.2700,121.0000,1118531
2020-12-01,122.3700,123.4400,121.2900,122.2100,2264721
2020-11-30,121.6200,121.9700,118.2200,118.7000,2505375
2020-11-27,119.0000,121.8900,118.7900,121.8600,870096
2020-11-25,119.6400,120.0100,117.3100,118.4700,1219012
2020-11-24,119.0000,122.0700,118.3300,121.6600,1940804
2020-11-23,115.4100,117.3420,115.0000,116.6000,2022904
2020-11-20,114.8600,115.6900,113.9200,114.3200,1161225
2020-11-19,114.5000,115.9650,113.1600,115.3600,1105360
2020-11-18,114.8800,116.9900,114.7100,115.0500,1700704
2020-11-17,112.0000,115.6100,111.7000,114.4400,1774870
2020-11-16,112.2000,114.5400,111.0150,114.4700,1521877
2020-11-13,109.9000,110.5250,107.6400,109.9100,2383274
2020-11-12,112.3500,112.5000,108.0400,108.8200,2187776
2020-11-11,110.5400,111.6800,108.6350,111.0300,2070532
2020-11-10,107.1700,110.0000,106.7000,108.8400,2531556
2020-11-09,111.2700,114.5500,106.2100,106.6900,2033216
2020-11-06,105.0500,105.8700,103.5700,104.4800,992081
2020-11-05,101.4700,105.7900,101.1400,104.7800,1423257
2020-11-04,101.1500,101.9862,99.0500,99.2500,2175369
2020-11-03,100.0400,103.1486,99.4900,101.7900,2236113
2020-11-02,97.0100,98.8350,95.6500,97.8800,2237047
2020-10-30,97.9700,99.4100,95.7200,96.4900,2019812
2020-10-29,95.5200,100.3400,95.4000,98.3200,2040623
2020-10-28,93.3100,95.3700,92.5600,93.5700,1655889
2020-10-27,97.9400,98.7800,96.0500,96.2900,992172
2020-10-26,98.6000,99.1100,96.7600,98.1900,1066054
2020-10-23,101.0800,101.7750,99.6300,100.2900,1891216
2020-10-22,100.1900,101.1250,98.6000,100.1500,2352661
2020-10-21,100.9100,101.5900,99.3500,99.4100,1858618
2020-10-20,100.1200,102.1800,99.4700,100.1900,1634745
2020-10-19,98.7300,100.1900,97.6900,99.4000,1968897
2020-10-16,98.5400,99.5000,96.7400,98.2000,1459631
2020-10-15,94.9800,98.2500,94.5500,97.6800,1628093
2020-10-14,97.0100,97.5000,95.6300,95.7400,1203707
2020-10-13,97.3200,97.8700,95.5900,96.0700,1484241
2020-10-12,98.7100,99.5000,98.0400,98.2600,1347966
2020-10-09,99.2900,99.2900,97.2100,98.0600,1423921
2020-10-08,100.0000,100.8200,97.5400,97.9700,1704966
2020-10-07,96.1400,99.4800,95.9300,99.1900,1646655
2020-10-06,99.4900,99.5400,94.0600,94.4800,2542225
2020-10-05,95.0000,97.6261,94.8300,97.2000,1149141
2020-10-02,91.4600,94.4950,91.2400,93.5600,1105525
2020-10-01,92.7500,94.9653,91.6800,93.9600,2137400
2020-09-30,92.1800,93.2800,90.9000,91.6800,2278714
2020-09-29,89.6100,92.2900,89.5200,91.9200,1896914
2020-09-28,88.4100,90.8800,88.3500,90.0300,1295603
2020-09-25,84.0600,87.0400,83.5400,86.4000,1479803
2020-09-24,82.8500,85.6300,82.1200,84.3300,1195529
2020-09-23,84.5300,85.7300,83.9200,83.9500,1641400
2020-09-22,84.3500,85.1140,83.0482,84.5100,1054384
2020-09-21,86.7500,87.5500,83.4000,84.5600,2455888
2020-09-18,87.0400,89.4200,86.0000,88.9500,4538349
2020-09-17,84.2200,84.3700,82.6300,83.2900,1685293
2020-09-16,86.6900,86.7011,84.3600,84.9700,2152561
2020-09-15,86.4200,87.6200,85.7389,86.0100,1568297
2020-09-14,85.5200,86.4500,84.9200,85.8900,1213710
2020-09-11,84.4500,85.2600,83.4500,84.5500,1731305
2020-09-10,87.0000,87.6900,83.7100,84.0900,1034750
2020-09-09,86.0600,86.6300,85.3850,85.6500,1422640
2020-09-08,86.2100,86.4800,84.1550,84.6600,3181591
2020-09-04,87.8600,88.2100,84.7150,86.2100,1336503
2020-09-03,89.8800,90.0600,86.1400,86.7600,1847350
2020-09-02,88.6800,90.7000,87.5300,90.0000,2272719
2020-09-01,85.3200,87.1200,84.2050,87.0500,1075595
2020-08-31,87.7400,87.8900,85.7700,86.1200,1535327
2020-08-28,85.3800,87.3150,85.1500,87.2500,1327947
2020-08-27,85.8500,85.8500,84.6400,85.3400,869054
2020-08-26,85.3100,85.9100,84.6900,85.4400,1121217
2020-08-25,86.0300,86.3099,84.5500,85.3600,979707
2020-08-24,84.5500,85.8650,84.3850,85.5000,1508919
2020-08-21,84.7600,84.8100,83.6800,83.8800,668421
2020-08-20,84.2100,84.8650,83.7400,84.4900,1085246
2020-08-19,86.8800,87.0500,84.7700,85.4200,1524545
2020-08-18,88.1900,89.1100,87.1900,87.2400,795149
2020-08-17,88.9200,89.3100,87.7300,88.1600,1421591
2020-08-14,88.5200,88.9300,87.6250,88.3400,744135
2020-08-13,88.6200,89.3300,88.3500,88.6300,893312
2020-08-12,90.8100,91.5100,88.2150,89.5000,1915195
2020-08-11,88.0000,90.8200,87.9900,88.8400,2479035
2020-08-10,84.6400,86.8100,84.2300,86.4400,1256787
2020-08-07,83.5500,84.8100,82.9200,83.8600,1249193
2020-08-06,83.1600,85.1750,83.1600,84.5300,1644517
2020-08-05,81.2800,83.9400,81.0800,83.8400,2087845
2020-08-04,81.8100,81.8100,80.2600,81.0200,1288919
2020-08-03,78.2500,80.4430,78.2500,79.7200,1503576
2020-07-31,80.2700,80.4000,76.1800,77.7500,2360266
2020-07-30,82.5000,82.8400,79.9100,80.4600,1974545
2020-07-29,82.2100,83.7200,82.2100,83.6700,1719486
2020-07-28,83.6700,84.2700,82.0800,82.1700,889038
2020-07-27,82.2500,84.3500,81.7500,83.5500,1249366
2020-07-24,80.8000,83.1600,80.7682,82.2500,1243241
2020-07-23,83.0400,83.5300,81.3200,82.3300,1497073
2020-07-22,81.6800,82.8000,81.1850,82.7200,1531403
2020-07-21,83.3800,83.8000,81.5300,81.8700,1274831
2020-07-20,81.4600,82.2300,80.1700,81.9400,1271217
2020-07-17,82.7300,82.7900,81.1800,81.7800,1393616
2020-07-16,80.7200,82.4100,79.8100,82.2700,1489095
2020-07-15,80.2800,82.2200,79.2500,81.7800,1586353
2020-07-14,76.9100,78.4100,75.3500,78.1900,1366428
2020-07-13,76.9800,79.1800,76.3600,76.6800,2091812
2020-07-10,75.5900,76.8900,75.2100,76.2800,1397526
2020-07-09,76.8900,77.0100,74.0000,75.3900,1318276
2020-07-08,77.2500,77.7100,75.6700,76.7600,1305225
2020-07-07,77.2900,78.0600,76.8400,77.1100,1399044
2020-07-06,79.7400,80.2300,77.1400,78.4300,1412460
2020-07-02,76.6300,79.1800,76.6300,76.8100,1838984
2020-07-01,77.9100,77.9900,74.4000,75.4200,1679240
2020-06-30,75.3600,78.4400,74.7600,77.9200,2748325
2020-06-29,74.4300,75.9300,74.1050,75.6700,2245423
2020-06-26,76.3000,77.0300,73.9400,74.1300,4262841
2020-06-25,73.8900,76.8600,73.3600,76.6300,1868615
2020-06-24,78.1800,78.2000,74.3600,74.6200,2825889
2020-06-23,80.0100,80.8800,77.7100,78.7600,2245199
2020-06-22,78.2800,79.3000,76.6000,78.5200,2591810
2020-06-19,78.3900,80.7900,77.3200,77.7300,3714023
2020-06-18,75.3600,77.2800,74.3200,76.6100,1917067
2020-06-17,76.0500,76.5600,74.2500,76.0500,3091818
2020-06-16,78.5000,79.4100,74.9600,76.1500,2074796
2020-06-15,72.3600,76.2400,71.8000,75.5500,3507352
2020-06-12,76.9300,77.7800,73.6100,75.6600,4409081
2020-06-11,76.4600,79.2900,72.9200,72.9500,7242921
2020-06-10,78.9200,82.6100,77.5000,82.4300,19460776
2020-06-09,81.4500,82.0400,75.4700,75.9100,7433636
2020-06-08,87.6300,89.7400,87.0200,87.5000,3609495
2020-06-05,88.4400,89.0000,85.0500,85.8500,2504378
2020-06-04,81.5400,84.2200,81.2100,83.6900,2349376
2020-06-03,81.1500,84.5500,81.1500,83.3300,4762572
2020-06-02,77.8400,79.6600,77.0500,79.6600,1857591
2020-06-01,75.9300,77.0500,74.5200,76.6400,1431346
2020-05-29,74.1900,75.6200,73.2100,75.3500,2572783
2020-05-28,77.7100,78.2000,73.5500,73.6300,2682375
2020-05-27,78.9000,81.9600,75.5700,77.6300,2682961
2020-05-26,75.6200,76.3700,74.4500,75.6800,2014639
2020-05-22,71.3400,72.1300,70.1100,71.8900,1481648
2020-05-21,72.4700,74.4000,71.3500,71.5300,2130584
2020-05-20,71.7900,73.3300,71.2600,71.7100,2137500
2020-05-19,71.0000,74.2200,69.9400,70.0000,2335599
2020-05-18,67.4100,70.8000,67.4100,70.1800,1642734
2020-05-15,62.2800,64.4000,61.5000,64.0700,1225402
2020-05-14,58.8500,63.1900,57.2600,63.1500,1676143
2020-05-13,64.5000,64.5000,60.1300,60.7900,1775911
2020-05-12,67.4600,67.7500,64.4400,64.5000,1139599
2020-05-11,66.7300,68.1400,65.0300,66.7100,1548528
2020-05-08,67.1300,68.6800,66.4400,68.1500,1114237
2020-05-07,66.4800,68.2000,65.0900,65.2300,1283027
2020-05-06,68.3300,68.3900,64.8400,65.1800,1157964
2020-05-05,65.2500,67.0500,64.6700,65.6400,2323249
2020-05-04,64.1000,65.4300,63.2600,64.2700,2212894
2020-05-01,67.4000,67.4000,64.0900,65.7500,1741220
2020-04-30,68.5000,71.0300,68.2000,69.5500,2127142
2020-04-29,68.8600,72.4100,68.3400,71.6600,1807271
2020-04-28,68.0400,69.7700,66.4800,66.6800,1770803
2020-04-27,62.6900,65.9100,62.5000,65.5100,1514948
2020-04-24,62.3900,63.7400,61.3200,62.7400,1167666
2020-04-23,61.4300,62.6500,60.6600,60.7300,1096048
2020-04-22,60.0300,61.2300,59.0300,60.5000,1425266
2020-04-21,56.2900,59.7200,56.0400,58.3500,1741218
2020-04-20,61.4400,62.4200,58.7200,59.5300,2225920
2020-04-17,62.8600,64.7600,62.3900,63.9200,2965473
2020-04-16,60.3800,61.2900,57.8000,59.3600,1426804
2020-04-15,58.6400,61.2300,58.5100,60.8700,1730883
2020-04-14,62.0500,64.6400,61.3900,62.8200,1829765
2020-04-13,61.5600,61.8500,58.1900,60.7400,1270612
2020-04-09,63.1400,66.6500,62.0100,62.2300,3606956
2020-04-08,54.7300,60.3900,54.2900,60.2000,3670431
2020-04-07,54.0900,56.2300,52.4400,53.5000,3548516
2020-04-06,47.0100,50.7100,45.7000,49.9300,3110423
2020-04-03,45.9200,46.4600,43.0400,43.2900,2168349
2020-04-02,44.7200,48.7900,44.2500,45.5900,2460840
2020-04-01,44.6200,47.4700,44.1200,45.9200,2548432
2020-03-31,50.2400,52.2100,48.4300,49.2400,2607252
2020-03-30,50.2700,51.8200,48.0200,49.9200,2676156
2020-03-27,51.9500,52.8100,49.4100,51.2800,2569407
2020-03-26,51.8000,55.8900,50.0200,55.2800,2293402
2020-03-25,51.1700,53.4300,47.5600,50.7300,2224878
2020-03-24,50.1800,52.1200,47.5500,49.5200,2802826
2020-03-23,44.3600,48.6400,42.1100,46.5000,4476604
2020-03-20,42.0500,49.6100,41.7300,45.1700,5598784
2020-03-19,33.2300,45.3600,29.3300,40.5800,7381952
2020-03-18,44.3800,45.7000,29.2200,33.5500,5890441
2020-03-17,52.3900,52.8600,45.6500,48.3100,4193536
2020-03-16,59.0100,59.0100,51.0800,51.1200,3218340
2020-03-13,62.8000,66.5000,60.1600,66.4700,2733877
2020-03-12,62.8700,64.7900,58.9700,59.4000,3379532
2020-03-11,70.5900,71.6300,66.9700,67.2300,2660749
2020-03-10,72.2900,73.3500,69.6200,72.8400,2677309
2020-03-09,70.6000,71.5700,68.1200,68.9100,2767620
2020-03-06,75.3600,77.9600,74.3000,76.2900,2398664
2020-03-05,80.3500,81.6700,77.9300,78.5000,1699204
2020-03-04,82.1500,83.1500,80.2700,83.1000,1900954
2020-03-03,82.4100,84.8700,79.8300,80.5700,2685668
2020-03-02,78.7100,82.1800,77.6300,82.1700,2572226
2020-02-28,75.3200,79.3900,73.8000,78.1100,3533864
2020-02-27,80.5200,81.7100,77.3500,77.9800,3477207
2020-02-26,82.1100,83.4400,80.8000,81.1000,1691670
2020-02-25,84.7700,84.8400,79.9100,81.1100,2525172
2020-02-24,86.7300,87.1800,83.7200,83.9800,2084087
2020-02-21,90.1500,90.4600,88.9100,90.0700,1203947
2020-02-20,89.9700,92.0400,89.9700,91.0900,1395340
2020-02-19,88.3200,90.8700,87.7800,90.7100,1403634
2020-02-18,88.0600,89.4800,87.5700,88.0200,979369
2020-02-14,90.4100,90.5200,88.0900,88.3200,1010085
2020-02-13,90.4000,91.1000,89.7400,90.5200,724273
2020-02-12,91.6900,92.3000,90.8800,91.5100,878764
2020-02-11,87.6500,91.1000,87.1100,90.7800,1397433
2020-02-10,86.9500,87.3500,86.0300,87.3000,933474
2020-02-07,87.4700,87.4900,86.6300,87.1300,1250731
2020-02-06,90.9700,90.9900,87.6800,88.2400,1131359
2020-02-05,91.8200,92.5000,90.2800,90.5200,1108092
2020-02-04,88.3100,91.0200,88.2300,90.5100,1525160
2020-02-03,85.5700,87.5600,85.2500,86.7200,1647827
2020-01-31,86.7400,87.0700,84.5900,84.7900,1617792
2020-01-30,85.0000,88.1400,84.5100,87.6800,2534156
2020-01-29,90.3300,91.0500,89.5000,89.8800,1563564
2020-01-28,89.5700,90.3000,88.7000,89.6400,1453887
2020-01-27,89.1600,89.6000,88.1900,88.6000,1677164
2020-01-24,92.8100,92.8400,90.7500,91.5400,1546240
2020-01-23,90.5400,92.4000,89.2500,92.3300,1424126
2020-01-22,91.8400,92.4100,90.8900,91.1500,942880
2020-01-21,91.0400,91.9100,90.4700,91.0000,1467465
2020-01-17,90.9000,92.1900,90.4800,91.5300,1766744
2020-01-16,88.3900,91.4200,88.3900,91.2000,1916498
2020-01-15,88.7300,89.3300,87.5900,87.8900,1531056
2020-01-14,88.8400,89.7300,88.5100,89.0100,2264942
2020-01-13,89.4200,89.4200,88.6300,88.8700,2065489
2020-01-10,91.7300,91.7300,89.3900,89.5100,1323567
2020-01-09,94.1100,94.3500,91.6900,91.7300,1087943
2020-01-08,91.4300,93.4700,90.9600,93.0900,2295689
2020-01-07,92.3300,92.5000,90.8500,91.1900,2100942
2020-01-06,93.1800,93.1800,91.7400,92.3500,1574851
2020-01-03,94.2500,94.8300,93.6000,94.1000,960556
2020-01-02,95.9400,96.3400,95.0100,96.3100,1655325
2019-12-31,95.2700,95.8800,94.7000,94.9700,673256
2019-12-30,96.2800,96.2800,95.1000,95.2500,613636
2019-12-27,96.1700,96.5800,95.7600,96.3100,757551
2019-12-26,95.3600,95.7600,94.8600,95.7200,519666
2019-12-24,95.8000,96.0400,94.8900,94.8900,320310
2019-12-23,96.7200,96.9100,95.2700,95.5300,1051039
2019-12-20,98.9300,99.0400,96.2500,96.3500,2021300
2019-12-19,97.7400,98.3000,97.1000,97.8500,1053523
2019-12-18,96.3000,98.1800,95.9400,97.8600,1285543
2019-12-17,95.2300,95.8800,94.5600,95.8400,1320711
2019-12-16,94.8400,95.8700,94.3800,94.9600,1398110
2019-12-13,95.6200,96.3600,93.3100,93.5500,1227942
2019-12-12,93.6800,96.1400,93.2800,95.8100,951408
2019-12-11,93.3600,93.7600,92.4800,92.9900,800901
2019-12-10,92.8700,93.2400,92.2200,92.7700,770283
2019-12-09,93.3400,93.5300,92.9000,92.9600,826793
2019-12-06,94.5500,94.8300,93.3000,93.7700,864054
2019-12-05,92.5800,93.6700,91.9300,93.3800,794639
2019-12-04,92.0700,93.0500,92.0700,92.3700,1231099
2019-12-03,93.8000,95.0000,91.7200,91.8300,1328149
2019-12-02,94.7200,95.5700,93.6800,94.5000,1750015
2019-11-29,94.5600,94.6600,93.7700,93.8800,664395
2019-11-27,94.8700,95.2700,94.0800,94.6800,743026
2019-11-26,93.4000,94.9800,93.1800,94.8700,1565418
2019-11-25,92.5000,94.0200,91.9700,94.0200,2384663
2019-11-22,90.0900,91.6200,89.8200,91.4700,3128195
2019-11-21,89.9700,90.8700,88.8200,88.9900,1111691
2019-11-20,90.6900,90.9600,89.3000,89.5000,1490595
2019-11-19,92.5700,92.6900,90.7600,91.1400,1824996
2019-11-18,91.9700,92.6300,91.5100,92.3200,1256330
2019-11-15,93.1600,93.1600,91.9300,92.3100,1328723
2019-11-14,91.4800,92.8400,91.1600,92.2500,1278867
2019-11-13,94.2100,94.2300,91.2700,91.6900,1271336
2019-11-12,96.6100,96.8800,94.9000,95.1800,1325762
2019-11-11,95.9900,97.1200,95.7200,96.0500,685252
2019-11-08,96.2100,96.9200,95.1200,96.8800,862376
2019-11-07,96.4300,97.6400,96.2900,96.4900,1986032
2019-11-06,95.3400,95.8200,94.5100,95.5800,1077222
2019-11-05,95.5900,96.3500,94.9200,95.2300,2556967
2019-11-04,93.4900,95.6300,93.1400,95.6200,1935149
2019-11-01,90.7200,92.4900,90.2700,92.3500,1526208
2019-10-31,92.2000,92.4200,89.0800,89.5500,1731600
2019-10-30,89.0100,92.7600,85.8900,92.4200,2893494
2019-10-29,89.6200,90.4300,89.1400,90.3800,1481047
2019-10-28,90.4800,90.7000,89.9500,90.1100,769422
2019-10-25,88.8500,89.9500,88.4000,89.5800,1054363
2019-10-24,89.7200,90.1900,88.8500,89.0200,584606
2019-10-23,90.1000,90.2700,88.7300,89.3700,1037830
2019-10-22,88.8600,91.0200,88.1900,90.3900,655541
2019-10-21,89.8300,89.8300,88.7500,89.3600,788101
2019-10-18,88.6800,89.7200,88.6400,88.9600,952894
2019-10-17,89.5700,89.5800,88.5700,89.0400,810440
2019-10-16,88.5900,89.7500,88.2600,89.1100,1182102
2019-10-15,86.8000,88.8600,86.7800,88.0500,846035
2019-10-14,85.9100,86.8200,85.8500,86.5900,492937
2019-10-11,84.8500,87.2200,84.8500,86.2600,1056541
2019-10-10,82.1700,83.9800,82.1700,83.1700,821872
2019-10-09,81.8400,82.3000,81.0500,81.8500,781205
2019-10-08,82.3300,82.9100,80.5300,80.5600,967233
2019-10-07,83.1600,84.8200,82.6000,84.0000,953162
2019-10-04,82.9800,84.1500,82.9600,83.4300,1426149
2019-10-03,81.7800,83.5100,81.4600,82.6000,1156319
2019-10-02,83.7500,84.6900,80.5700,82.2200,1853229
2019-10-01,87.5900,88.3500,85.0100,85.1100,1145526
2019-09-30,87.2700,87.9600,86.9200,87.4200,912371
2019-09-27,87.9600,88.5900,86.4500,86.8800,816969
2019-09-26,88.2600,88.3400,86.7900,87.7100,514181
2019-09-25,86.6600,88.3100,85.8800,88.0700,772033
2019-09-24,88.5000,89.1200,86.3200,86.6900,1233071
2019-09-23,88.0600,89.3000,87.7700,87.9900,1137687
2019-09-20,89.8700,90.0500,86.9500,87.0700,1685383
2019-09-19,89.6000,90.2400,89.0500,89.4700,784788
2019-09-18,89.5200,90.1400,88.7500,89.5100,794534
2019-09-17,89.0800,89.9000,87.9300,89.6400,1024946
2019-09-16,89.5600,90.9200,88.7100,89.5900,1281828
2019-09-13,90.0200,91.5700,89.5600,90.1800,1411034
2019-09-12,90.8000,91.4500,88.9600,91.1500,1237006
2019-09-11,90.4900,91.1400,88.8300,91.1000,806368
2019-09-10,89.4400,90.7600,88.4700,90.7600,1103830
2019-09-09,89.5500,90.7800,89.0100,90.3100,1044916
2019-09-06,88.2600,89.0800,87.0300,88.7500,719835
2019-09-05,85.8200,88.2800,85.4700,88.1700,1089171
2019-09-04,82.9100,84.2300,82.7500,84.1900,935584
2019-09-03,82.9000,82.9000,80.8800,81.5600,1195942
2019-08-30,84.1400,84.8200,82.8300,83.1700,1115792
2019-08-29,83.5100,84.3100,82.6700,83.3000,816414
2019-08-28,80.7200,82.8400,80.1300,82.6800,744733
2019-08-27,81.7600,82.3700,80.9700,81.0200,773130
2019-08-26,80.7900,81.3600,79.9900,80.8600,671523
2019-08-23,82.5100,83.0100,79.4500,79.8800,1263233
2019-08-22,84.0800,84.5500,83.0600,83.5200,530150
2019-08-21,83.7100,83.8900,83.0600,83.4300,805414
2019-08-20,82.8700,83.2200,81.0200,82.1900,908463
2019-08-19,83.4700,83.9700,78.5600,83.5600,931663
2019-08-16,80.0900,82.1200,79.8700,81.8500,802392
2019-08-15,79.9300,80.5200,78.5600,79.1900,1232876
2019-08-14,81.5000,81.5200,79.3600,79.5200,1267652
2019-08-13,82.1800,84.8300,81.4700,83.5600,1079914
2019-08-12,82.8300,83.6600,82.1400,82.5600,1013563
2019-08-09,84.7300,85.3000,83.0700,83.5400,868251
2019-08-08,83.8900,85.7200,83.7500,85.4600,1324583
2019-08-07,81.8000,83.6900,80.9300,83.5200,1753769
2019-08-06,81.7500,83.4900,81.7200,83.2000,1486025
2019-08-05,81.1400,81.9900,80.7700,80.9900,1691756
2019-08-02,83.0900,83.5700,80.5400,83.2500,1307190
2019-08-01,88.5500,88.8300,82.3400,83.6300,2272903
2019-07-31,85.7400,88.9800,84.9500,87.6500,3559433
2019-07-30,80.9300,81.7200,79.9900,81.5700,1415994
2019-07-29,82.3200,82.7500,81.6100,82.1800,766793
2019-07-26,82.0600,82.5400,81.0700,82.4000,1491808
2019-07-25,83.2200,83.4100,81.2700,81.9100,1690439
2019-07-24,81.9300,83.6800,81.9300,83.6800,1090022
2019-07-23,81.7100,82.9200,80.1500,82.2000,1639322
2019-07-22,80.3900,81.4400,79.9200,80.0900,1281172
2019-07-19,79.0200,81.9900,78.6900,80.0900,1190998
2019-07-18,77.9700,78.6700,77.7100,78.6500,918528
2019-07-17,79.8000,80.0000,78.2300,78.3600,1172901
2019-07-16,79.5300,80.9100,78.1900,79.9900,1392546
2019-07-15,80.2300,80.9000,78.7200,80.7800,1294963
2019-07-12,78.1400,80.5000,78.0400,80.2000,908123
2019-07-11,77.3600,77.8100,76.8700,77.7200,657610
2019-07-10,76.3600,77.6800,75.9100,77.5200,1350748
2019-07-09,76.2300,76.4500,74.9100,76.0700,1731865
2019-07-08,78.7200,79.1600,76.5100,76.7700,1185164
2019-07-05,78.6700,79.7200,78.5600,79.1900,930889
2019-07-03,80.0100,80.1700,79.2400,79.3200,437538
2019-07-02,80.8000,81.0900,78.8300,79.5800,1027148
2019-07-01,82.5000,82.9900,79.9100,80.7100,1353504
2019-06-28,81.0100,82.5100,80.8300,80.8300,5891418
2019-06-27,80.0500,81.0600,79.8500,81.0600,1748292
2019-06-26,78.2400,79.7500,77.2700,78.9200,1275974
2019-06-25,78.1100,78.4700,77.6100,78.1100,1137691
2019-06-24,78.1700,79.0700,77.1100,78.3100,963609
2019-06-21,78.4800,78.7500,77.9500,78.4200,1442400
2019-06-20,78.2700,78.7000,77.2850,78.4700,1286523
2019-06-19,77.3200,77.7100,76.5150,76.8500,1181420
2019-06-18,76.4800,78.4100,76.4300,76.8000,1013719
2019-06-17,75.1400,76.1500,74.5500,75.8400,1077399
2019-06-14,75.9300,75.9300,74.2400,75.3300,1108966
2019-06-13,74.6400,76.1300,74.2700,76.0900,1270075
2019-06-12,76.1300,76.2100,74.7800,74.8900,1015190
2019-06-11,77.1700,77.5500,75.9800,76.1400,1062661
2019-06-10,74.7500,76.7700,74.5000,75.7100,1397660
2019-06-07,73.4500,74.3000,72.6200,73.4000,1176474
2019-06-06,72.3500,73.3100,71.8900,72.9200,2331928
2019-06-05,70.7300,72.6600,70.1400,72.5100,2802316
2019-06-04,68.4400,70.7000,68.3100,70.5100,3175428
2019-06-03,64.2000,67.1400,64.1000,66.8400,2090955
2019-05-31,65.8400,65.9200,63.3600,64.0400,3821815
2019-05-30,68.7300,69.6600,68.2400,68.6700,1326480
2019-05-29,68.3200,69.1000,67.8200,68.6100,1469865
2019-05-28,68.4500,69.4900,68.2000,69.1200,2121580
2019-05-24,68.4000,68.6100,67.1700,67.8100,2089840
2019-05-23,68.6400,68.6700,66.9200,67.7200,2801188
2019-05-22,71.8400,71.9200,69.0100,69.3500,2612010
2019-05-21,73.2500,73.6600,72.3100,72.3800,1158363
2019-05-20,72.7800,73.4900,72.3300,72.7300,1322296
2019-05-17,73.2900,74.6100,73.1600,73.6500,1616361
2019-05-16,75.3100,75.3200,73.5000,73.7100,1998390
2019-05-15,73.7500,75.6200,72.6900,75.0400,1645979
2019-05-14,73.8300,75.2300,73.4500,74.7300,1241072
2019-05-13,75.3400,75.4100,72.6100,73.3100,2186626
2019-05-10,77.3000,78.0000,75.7500,77.2300,1218899
2019-05-09,77.9500,78.5200,76.1400,77.9100,1868492
2019-05-08,79.4200,80.8400,79.2200,79.7200,1831343
2019-05-07,78.3100,79.5800,78.0600,79.4300,2438041
2019-05-06,77.9000,79.9400,77.3200,79.7000,1776803
2019-05-03,79.5900,80.6600,78.8200,80.1800,1471388
2019-05-02,75.0100,80.4100,74.0200,79.7800,2929523
2019-05-01,85.9800,86.1500,83.5600,83.6400,1530767
2019-04-30,85.4900,86.1400,84.5400,85.7000,1365850
2019-04-29,86.1500,86.6400,85.7100,85.8400,973066
2019-04-26,86.3100,87.0300,85.3600,86.5100,1388430
2019-04-25,88.1300,88.2600,85.1700,85.4500,1700570
2019-04-24,89.4900,89.5500,88.8900,88.9500,1177448
2019-04-23,89.5600,89.7900,88.8400,89.4900,1080505
2019-04-22,89.7500,90.5300,89.4500,89.7400,888203
2019-04-18,90.1700,90.6700,89.3600,90.3400,1288755
2019-04-17,90.7800,91.3200,90.4000,90.7200,1174535
2019-04-16,89.7000,90.2500,89.3600,90.1200,1170914
2019-04-15,90.6800,90.8800,89.3600,89.7200,954485
2019-04-12,89.9900,91.2200,89.8100,90.7900,1377685
2019-04-11,88.5500,89.1500,87.9400,89.0800,861804
2019-04-10,87.3100,88.6300,87.0500,88.5600,778485
2019-04-09,87.3600,87.7200,86.7300,87.5100,1503328
2019-04-08,87.0000,88.6200,86.9000,88.4900,1373328
2019-04-05,86.5500,87.2500,86.3800,86.9400,901440
2019-04-04,85.1200,86.7500,84.9700,86.4400,1006383
2019-04-03,84.1600,85.8000,84.1400,84.9800,1466280
2019-04-02,82.6000,83.0800,82.0400,82.9300,1158857
2019-04-01,80.6800,82.6700,80.3900,82.5800,1298057
2019-03-29,79.3500,79.9600,79.0900,79.4900,1547375
2019-03-28,78.1300,79.6000,78.0700,78.8100,1076689
2019-03-27,79.1800,79.4800,77.3500,77.7100,1715193
2019-03-26,78.6100,79.2900,78.3400,78.9800,809015
2019-03-25,77.6000,78.5900,77.1100,78.0200,1177978
2019-03-22,80.1900,80.6000,77.5800,77.6100,1723229
2019-03-21,80.4000,81.3700,80.0000,80.9000,1267609
2019-03-20,82.5900,82.7300,80.1700,80.4300,2090298
2019-03-19,81.6700,83.6000,81.5700,82.8100,1950976
2019-03-18,81.7500,81.9700,80.5200,81.0000,1856279
2019-03-15,81.6400,82.5400,81.3100,81.9600,2187075
2019-03-14,82.0000,82.0000,80.6700,81.1000,1249477
2019-03-13,82.6900,83.4300,82.3300,82.3500,1480154
2019-03-12,82.8900,83.4300,82.4300,82.4700,1193199
2019-03-11,81.9900,83.0800,81.8800,82.5800,1307417
2019-03-08,81.2400,82.1100,81.0100,81.7900,1733508
2019-03-07,81.8600,82.5300,80.8400,82.1400,1415129
2019-03-06,83.6400,84.2400,82.3100,82.4600,1433697
2019-03-05,83.9000,84.3600,83.4300,83.9900,1361070
2019-03-04,84.4600,84.9600,82.8700,83.9500,3009673
2019-03-01,83.9900,84.8200,83.4300,84.2700,1683722
2019-02-28,82.9500,83.3100,82.2800,83.1100,1942244
2019-02-27,82.5500,83.5900,82.0100,83.3100,1060417
2019-02-26,82.5800,83.3100,82.3900,82.7700,883321
2019-02-25,83.0300,83.9400,82.7600,83.0500,1361681
2019-02-22,81.4300,82.4100,81.1500,82.3600,926147
2019-02-21,81.3600,82.0300,80.9000,81.1200,1073731
2019-02-20,81.6400,82.4100,81.5000,81.7100,1066721
2019-02-19,80.7400,81.6200,80.7000,81.3000,1203684
2019-02-15,80.3500,81.1800,79.7900,80.9500,1588639
2019-02-14,78.7200,80.0100,77.9000,79.6500,1787281
2019-02-13,79.2400,79.9600,78.7000,79.5200,2427260
2019-02-12,76.5400,77.6500,76.3900,77.1600,2213406
2019-02-11,75.7000,76.6800,75.4600,76.0600,1421186
2019-02-08,75.7400,75.8100,73.6300,75.6900,2072188
2019-02-07,77.2500,77.5700,75.6600,76.2200,2300971
2019-02-06,78.4700,79.0400,78.1300,78.2800,1568830
2019-02-05,78.2300,78.9900,78.1100,78.6600,1816267
2019-02-04,78.0800,78.7600,76.4400,78.5900,2991208
2019-02-01,78.2100,78.7200,77.0900,78.0200,4403927
2019-01-31,76.0000,79.7200,75.9500,79.1300,4072357
2019-01-30,72.5800,73.9900,71.9200,73.7900,1971208
2019-01-29,72.5600,72.9600,71.8600,72.4300,1989272
2019-01-28,72.4200,73.1900,71.8200,73.0300,1604678
2019-01-25,72.0000,73.4900,71.8400,73.0000,2447256
2019-01-24,70.5000,71.9600,70.3400,71.8200,1126859
2019-01-23,71.7100,71.7100,69.3600,70.2500,1492192
2019-01-22,72.3800,72.6150,71.1600,71.7200,1538031
2019-01-18,71.5900,73.4700,70.9200,72.9300,2241325
2019-01-17,69.9500,71.1500,69.5900,71.1400,1850205
2019-01-16,69.3100,71.1000,69.0900,70.3500,1802788
2019-01-15,70.3300,70.8000,68.4800,69.8200,2790351
2019-01-14,69.1200,70.7500,68.7100,70.3700,1668353
2019-01-11,70.2300,70.3300,68.9200,69.4300,1685150
2019-01-10,69.2500,70.3000,68.8000,70.2300,2095558
2019-01-09,67.7600,70.9200,67.7600,69.5400,4290584
2019-01-08,64.7300,67.0300,64.7300,67.0100,3054900
2019-01-07,62.8000,63.9100,62.1800,63.5700,1818693
2019-01-04,60.9000,63.0100,60.8900,62.6200,2151989
2019-01-03,60.9200,61.0800,58.9100,60.4200,2717854
2019-01-02,60.3500,61.8000,59.2100,61.1500,2145973
2018-12-31,61.5000,61.6700,60.3200,61.5700,1519872
2018-12-28,62.0000,62.2100,60.7400,61.3800,1634492
2018-12-27,60.3900,61.9600,59.2800,61.9600,1781369
2018-12-26,60.3900,61.7400,58.8000,61.7400,1681538
2018-12-24,61.2500,62.0300,59.9800,60.0800,1139990
2018-12-21,62.1900,63.9200,61.4400,61.4400,3820007
2018-12-20,61.8200,63.4500,61.7000,62.3600,3460740
2018-12-19,63.2300,65.1774,61.7700,62.0000,2391239
2018-12-18,64.7700,65.5300,63.1500,63.3900,2323610
2018-12-17,65.0850,66.6900,63.8700,64.4400,2413582
2018-12-14,66.0300,67.4000,65.7400,65.9500,1753285
2018-12-13,67.6600,68.0600,66.3200,66.6900,1527275
2018-12-12,67.7900,68.4800,66.9100,67.3700,2142983
2018-12-11,67.4400,68.5200,66.3000,66.7600,2890607
2018-12-10,66.7900,67.3200,64.8900,65.3300,2519366
2018-12-07,69.6900,70.9000,66.9400,67.0900,1715537
2018-12-06,70.1200,70.3200,69.0000,69.8700,2857210
2018-12-04,74.2100,75.0200,70.9800,71.5800,2465327
2018-12-03,74.4900,76.6500,74.4900,74.7100,2547872
2018-11-30,71.3400,72.2000,71.0800,71.9000,2424135
2018-11-29,72.4200,72.7200,71.4400,71.5000,1534422
2018-11-28,71.2200,72.6200,70.5600,72.5500,1572101
2018-11-27,73.6500,74.2000,70.7300,71.0900,1978932
2018-11-26,73.6700,74.4800,72.9600,74.4400,1770423
2018-11-23,72.5300,74.1300,72.4700,72.9900,1015703
2018-11-21,71.9800,73.8700,70.6100,73.3000,2244890
2018-11-20,71.5800,71.9000,70.4100,71.0600,2680027
2018-11-19,74.1600,74.3300,71.6500,72.2400,2119097
2018-11-16,74.5900,75.2100,73.6200,74.1800,1749707
2018-11-15,74.5200,75.3300,72.4900,75.1500,1947234
2018-11-14,75.2100,76.2000,74.8600,75.0000,1629746
2018-11-13,74.6700,76.4400,74.5700,75.0000,1557912
2018-11-12,75.7400,76.4000,74.1700,74.5000,2072154
2018-11-09,76.8300,76.8300,74.8800,75.6200,3060901
2018-11-08,77.6100,78.9600,77.3500,77.6800,2028067
2018-11-07,76.6400,78.4400,75.4600,78.3500,2223515
2018-11-06,75.7000,77.0900,75.7000,76.3700,1687243
2018-11-05,79.0300,79.1200,75.7300,76.1000,2428111
2018-11-02,78.1300,79.8400,77.8300,79.4600,3739765
2018-11-01,77.2600,77.6900,75.6100,77.4400,2775260
2018-10-31,76.6000,78.4200,75.7100,76.8000,4506875
2018-10-30,76.1900,76.8900,72.9600,74.1700,5574187
2018-10-29,76.9200,79.9800,75.1400,76.2200,4431703
2018-10-26,72.3900,74.6900,71.6600,73.7300,2716079
2018-10-25,73.8600,74.4500,72.7300,74.1300,3054708
2018-10-24,75.8400,76.3700,72.7500,72.8800,3569928
2018-10-23,72.9200,76.7300,72.0800,76.3300,3542284
2018-10-22,74.8200,75.0900,73.7200,74.2800,2326664
2018-10-19,73.5000,75.0900,72.8200,74.2900,3269780
2018-10-18,73.7800,74.6200,72.8200,74.2100,5341911
2018-10-17,74.0700,74.4200,72.7900,73.9800,3565547
2018-10-16,74.5800,74.7200,73.6200,74.2800,2012219
2018-10-15,73.8700,74.6700,73.4500,73.6500,1625367
2018-10-12,75.0000,75.7200,72.5200,74.0200,2674775
2018-10-11,75.0700,76.7600,72.8700,73.9200,3143681
2018-10-10,76.1000,76.9500,74.8200,75.6300,4880051
2018-10-09,79.7700,79.9600,76.1200,76.5600,3782845
2018-10-08,78.5300,80.0600,78.4300,79.7000,2934642
2018-10-05,82.1100,82.3500,78.5500,79.0100,4249453
2018-10-04,84.7500,85.0500,82.5100,82.8300,2252568
2018-10-03,85.7000,86.7700,85.0900,85.1300,1607281
2018-10-02,84.4300,85.3300,83.9200,84.9400,1667893
2018-10-01,85.2500,85.3800,84.0400,84.0900,1901148
2018-09-28,83.8600,84.5300,83.0400,83.9000,1530316
2018-09-27,84.9800,84.9800,83.8700,84.1400,1171580
2018-09-26,84.7300,86.0300,84.5300,84.6800,2196122
2018-09-25,87.7200,87.7200,84.5000,84.8100,2790688
2018-09-24,89.4400,89.5000,86.6700,87.9900,2054356
2018-09-21,90.6900,92.9800,89.3800,90.2700,5277748
2018-09-20,88.0900,90.0900,88.0000,89.7700,2323963
2018-09-19,86.3100,88.0900,86.3100,87.3000,1655979
2018-09-18,85.2500,86.1100,84.6300,86.0100,1699287
2018-09-17,86.9600,87.1400,85.3400,85.4500,1081547
2018-09-14,86.2400,87.4600,85.9100,86.8800,1601780
2018-09-13,85.4300,86.6000,85.4300,86.0700,2343582
2018-09-12,84.6500,85.8700,84.1900,84.8600,1926026
2018-09-11,85.1500,85.3600,84.3400,84.9600,1237364
2018-09-10,84.9200,85.6200,84.8900,85.5200,1491165
2018-09-07,84.7000,85.0200,83.4400,84.3300,2119435
2018-09-06,85.2500,85.3500,83.7100,84.7800,4487034
2018-09-05,86.4200,86.9200,85.2200,85.2600,4038385
2018-09-04,87.8100,88.0000,86.2900,87.0400,2244996
2018-08-31,88.2800,88.7500,87.3500,88.0100,1447341
2018-08-30,90.7000,90.8500,88.6400,88.9500,1221367
2018-08-29,92.3800,92.3800,90.6000,90.7800,1475381
2018-08-28,92.7800,92.8800,90.1300,92.0600,1473899
2018-08-27,88.9500,92.1900,88.8000,92.0500,2034671
2018-08-24,89.2000,89.3100,87.8300,88.4700,2902686
2018-08-23,91.0000,91.0300,88.9200,89.0900,2016664
2018-08-22,92.0000,92.3000,90.6200,90.8200,1720582
2018-08-21,94.5500,95.0000,93.6400,93.7600,882208
2018-08-20,93.2600,94.6200,93.2600,94.4800,826280
2018-08-17,91.6400,93.0200,91.2100,92.7600,1043658
2018-08-16,91.7500,92.3700,91.3000,91.7800,1525440
2018-08-15,93.5600,93.7600,90.1800,90.9800,2253519
2018-08-14,93.3300,94.5100,92.9500,94.0300,1332142
2018-08-13,94.6100,94.6400,92.3800,92.7700,1669033
2018-08-10,95.9000,96.0200,93.3500,94.5300,1548733
2018-08-09,98.3000,98.5000,96.7000,96.7200,1088971
2018-08-08,97.8500,98.5100,97.0800,98.0900,1159432
2018-08-07,98.2700,98.6100,97.2600,98.4500,1159220
2018-08-06,98.5400,98.7700,97.8800,98.0200,1296766
2018-08-03,97.1600,98.6100,97.0800,98.4500,1432952
2018-08-02,95.1600,96.8900,94.0000,96.7700,1416486
2018-08-01,98.0100,98.3500,95.4600,95.8900,2265837
2018-07-31,93.0300,98.4000,92.9900,98.0700,3635837
2018-07-30,94.3700,94.9300,92.4000,92.5000,1677290
2018-07-27,93.5000,94.8400,92.8600,93.6100,1368796
2018-07-26,95.1000,95.9200,93.1700,93.2500,1796683
2018-07-25,92.5100,95.5500,90.7300,95.2000,2684832
2018-07-24,93.5400,94.1900,92.8600,93.2200,1651946
2018-07-23,92.4900,92.9700,91.9500,92.7300,805748
2018-07-20,94.0200,94.2200,92.1300,92.9400,1840426
2018-07-19,96.1900,96.6900,94.8000,94.9700,1068211
2018-07-18,96.2000,97.2200,95.7800,96.7800,1171765
2018-07-17,93.0200,96.4600,93.0100,96.3400,2027928
2018-07-16,93.6000,94.0400,93.2000,93.5500,761932
2018-07-13,93.4900,93.9900,93.1100,93.6300,695203
2018-07-12,93.4500,93.4900,92.3000,93.1100,1313402
2018-07-11,95.2600,95.2600,92.9700,93.0400,1010694
2018-07-10,95.1000,96.4400,94.9200,96.3400,1284440
2018-07-09,94.7000,95.5900,94.2700,95.5300,1316956
2018-07-06,93.0000,94.4100,92.4300,94.2600,1390867
2018-07-05,91.9900,94.1400,91.9900,93.0700,1824585
2018-07-03,92.0700,92.6700,90.7700,90.9100,867888
2018-07-02,91.0100,92.1900,89.5000,92.1500,1684355
2018-06-29,92.8100,92.8100,91.6200,91.6300,1439948
2018-06-28,92.8600,92.9700,90.1300,91.9300,1720354
2018-06-27,95.2500,95.8100,93.2800,93.2800,1299496
2018-06-26,95.2000,95.6200,94.4300,94.8800,1476973
2018-06-25,95.7900,95.8800,93.6400,95.1200,1191039
2018-06-22,98.0300,98.1800,95.4000,96.2400,2065115
2018-06-21,99.0900,99.0900,96.3400,97.2800,1189005
2018-06-20,101.3300,102.1400,99.3200,99.5800,1294594
2018-06-19,101.6500,101.9400,99.7900,100.5600,2002620
2018-06-18,101.7200,103.2300,101.6100,102.9300,997736
2018-06-15,102.6300,102.8800,101.5300,102.7300,1818468
2018-06-14,101.9800,102.9800,101.4600,102.6100,1075159
2018-06-13,101.9600,102.0800,101.4800,101.6200,1474852
2018-06-12,102.0000,102.4600,101.4200,101.9700,1321011
2018-06-11,101.0700,102.1300,100.9300,101.8200,1308204
2018-06-08,100.6600,101.0400,100.1500,100.8100,1234942
2018-06-07,101.0000,101.2200,99.9700,100.6600,1550047
2018-06-06,100.4100,101.0100,99.2800,100.9900,828612
2018-06-05,99.8000,100.3700,99.4800,100.1300,921166
2018-06-04,99.1400,99.5000,98.6200,99.4500,695316
2018-06-01,98.3100,99.2800,97.9700,99.0800,1356835
2018-05-31,96.7500,97.9500,96.5400,97.5000,2227802
2018-05-30,96.6300,96.7000,95.7700,96.4700,1272513
2018-05-29,97.3200,97.4500,95.3300,96.2100,1467120
2018-05-25,97.4500,97.7500,97.1700,97.6500,884576
2018-05-24,97.4500,97.8800,96.7400,97.6800,1211140
2018-05-23,97.7100,98.3600,97.2100,97.8900,928878
2018-05-22,98.2000,98.7900,97.9400,98.1400,828559
2018-05-21,98.1000,98.6500,97.9000,98.1800,1134699
2018-05-18,98.0000,98.2400,96.8800,97.3400,947759
2018-05-17,97.5000,98.6700,97.4000,98.2300,1683211
2018-05-16,96.0700,98.2000,95.6500,97.8600,1280331
2018-05-15,95.0300,96.0300,94.6300,96.0000,1379057
2018-05-14,96.0600,96.7300,95.5700,95.7200,986809
2018-05-11,96.0600,96.8400,95.7200,96.2200,1340852
2018-05-10,94.3300,96.0900,93.8900,96.0600,1883140
2018-05-09,94.0000,94.4400,93.6600,94.3900,1871241
2018-05-08,92.7200,93.7500,92.1500,93.6400,1762278
2018-05-07,92.9000,94.2200,92.3600,93.2800,1636952
2018-05-04,90.3500,92.7800,90.0700,92.5900,1323428
2018-05-03,90.9800,91.8900,89.2000,91.1200,2449488
2018-05-02,85.3000,91.4300,85.3000,90.0300,3383031
2018-05-01,84.7100,85.1000,83.6900,84.5300,1980774
2018-04-30,86.4500,86.5800,84.5400,84.5800,1358408
2018-04-27,87.0700,87.5000,85.9300,86.0100,1135535
2018-04-26,85.3100,87.6200,84.5300,87.4200,1494919
2018-04-25,85.5000,85.6500,84.2900,85.2100,709700
2018-04-24,87.3100,88.1300,84.7000,85.8500,1410146
2018-04-23,86.5000,86.9600,85.9500,86.5400,1040988
2018-04-20,86.2600,86.5100,85.4900,86.3100,1055841
2018-04-19,87.7100,87.7100,84.7600,86.0200,926669
2018-04-18,88.5000,88.9300,87.5400,87.7000,844585
2018-04-17,88.5300,88.8300,87.7500,88.1300,1367565
2018-04-16,86.5000,87.4300,86.0700,86.9200,969752
2018-04-13,86.2900,86.8600,85.3000,85.5100,1100796
2018-04-12,86.1400,86.4700,85.6100,85.8600,970608
2018-04-11,85.6100,86.3800,85.0300,85.4000,1694928
2018-04-10,84.8200,86.2800,84.7700,86.0300,1679720
2018-04-09,84.3700,84.9200,83.6300,83.6700,1136614
2018-04-06,84.8700,85.3700,83.1000,83.8200,1578401
2018-04-05,85.2000,86.1300,84.8200,85.9000,1405804
2018-04-04,81.5000,84.3600,81.0400,84.2200,1369497
2018-04-03,82.5600,83.8600,81.5700,82.5800,1437422
2018-04-02,84.5900,84.5900,80.6200,81.5800,1933427
2018-03-29,83.2500,85.4100,83.1000,84.9700,1604861
2018-03-28,83.9900,84.6600,82.3100,82.8200,1992481
2018-03-27,85.1300,86.7900,83.6700,84.3300,2207986
2018-03-26,82.7100,85.1200,82.5900,85.0400,1700442
2018-03-23,83.8100,84.6000,81.1400,81.2100,2050729
2018-03-22,87.5400,88.0200,83.4700,83.7900,1943948
2018-03-21,87.9800,89.0800,87.6000,88.1400,1169648
2018-03-20,88.4000,88.7200,87.5000,87.8500,1450052
2018-03-19,89.2200,89.6800,87.2100,87.8900,1248991
2018-03-16,89.1300,89.7300,88.7500,89.3200,1273005
2018-03-15,89.5400,89.8600,88.4000,88.9600,1367313
2018-03-14,91.3800,91.7000,89.2800,89.3000,986708
2018-03-13,91.4600,92.3600,90.6700,90.9000,826870
2018-03-12,92.3400,93.0700,91.1800,91.4500,750077
2018-03-09,90.7700,92.4500,90.5200,92.2700,1124013
2018-03-08,89.6900,90.0300,88.8900,89.7000,905042
2018-03-07,89.0200,89.6600,88.3700,89.4200,1678217
2018-03-06,89.4300,90.6800,88.6100,89.9500,1384863
2018-03-05,88.0300,89.2800,87.3700,88.8200,2155421
2018-03-02,87.0600,89.1900,86.9100,88.6100,1752778
2018-03-01,91.1200,91.4800,86.5100,87.7700,2284442
2018-02-28,92.9900,93.1600,91.2900,91.3300,1242295
2018-02-27,94.7300,94.9100,92.6000,92.6200,1021604
2018-02-26,93.8200,94.7900,93.0500,94.7200,859295
2018-02-23,93.2100,93.7800,92.2100,93.0600,849734
2018-02-22,93.2300,93.8600,92.2900,92.9400,970059
2018-02-21,92.3100,94.1500,91.7600,92.5500,1073780
2018-02-20,91.7400,93.4000,91.7400,92.3400,1452532
2018-02-16,92.6500,93.9000,92.3700,92.4000,1137437
2018-02-15,93.5200,93.6500,91.6400,93.3300,1327807
2018-02-14,90.1600,92.9300,89.9100,92.6900,1674978
2018-02-13,90.7600,91.9900,90.2800,90.7700,1035843
2018-02-12,89.2500,92.3000,88.6400,91.4400,1969237
2018-02-09,90.3000,90.6900,86.1800,88.5600,3248213
2018-02-08,93.4300,93.8000,89.2400,89.2700,2703945
2018-02-07,92.5300,95.3500,92.2400,93.6900,1868173
2018-02-06,89.8100,93.3900,88.9100,92.6000,3270998
2018-02-05,93.8800,95.6300,91.0100,91.1400,2628513
2018-02-02,95.8000,95.9900,94.1100,94.2100,2544804
2018-02-01,90.8300,96.9100,90.8000,96.0200,2751211
2018-01-31,95.2600,95.9700,94.1400,94.8800,3109771
2018-01-30,94.4100,95.2700,93.9900,94.6300,1480856
2018-01-29,95.2300,95.4700,94.1600,94.8900,3274055
2018-01-26,93.1700,94.7400,92.7500,94.4800,2628235
2018-01-25,94.0000,94.3400,92.0700,92.4900,1820814
2018-01-24,93.7100,94.6900,92.8700,93.5400,1934824
2018-01-23,93.2300,93.5500,92.3200,92.8300,1477041
2018-01-22,94.0900,94.3800,92.1800,93.5500,1640605
2018-01-19,93.4700,94.0400,92.7400,93.5200,2207305
2018-01-18,93.9200,94.0000,92.4500,93.1000,1416470
2018-01-17,92.3800,94.1800,91.9300,93.5600,2094302
2018-01-16,93.9600,94.0200,92.1900,92.5600,2327048
2018-01-12,92.3300,93.2931,92.0600,92.9100,1401566
2018-01-11,90.5600,92.2700,90.1400,92.0600,2025055
2018-01-10,92.1900,92.4400,90.1800,90.4600,2269456
2018-01-09,92.2900,93.6900,92.2300,92.7500,2749377
2018-01-08,92.5000,92.9700,91.1200,91.9300,1764240
2018-01-05,89.8000,91.7100,89.5175,91.5700,2241445
2018-01-04,87.9400,89.4200,87.9400,88.9100,1743411
2018-01-03,86.0900,87.8600,85.7300,87.5400,1531243
2018-01-02,84.8900,86.4540,84.5000,86.1100,1469581
2017-12-29,85.6500,85.9700,84.8300,84.8300,878510
2017-12-28,85.0300,85.5900,84.7200,85.5600,960937
2017-12-27,85.0300,85.4700,84.6100,84.7300,682731
2017-12-26,84.6400,85.1200,84.4600,84.8800,335577
2017-12-22,84.7000,85.1900,84.1600,84.7900,906296
2017-12-21,86.7800,86.7900,84.8800,84.9800,1645235
2017-12-20,85.8200,86.3900,85.3000,85.8700,1633035
2017-12-19,84.9050,86.9100,84.6500,85.6200,2232703
2017-12-18,85.2400,85.4700,84.1300,84.2400,1660870
2017-12-15,83.9200,84.4800,83.4200,84.4000,2782046
2017-12-14,84.1300,84.6300,82.9700,83.0500,2009248
2017-12-13,85.9900,86.0700,83.4400,83.5600,2091885
2017-12-12,86.6100,86.6200,85.3800,85.6700,2630369
2017-12-11,86.3000,86.9400,85.0400,85.8900,3693957
2017-12-08,84.9600,85.9300,84.2300,85.2200,2677552
2017-12-07,84.8000,85.4200,83.8700,84.3800,2962311
2017-12-06,88.4400,89.6400,85.1800,85.3600,2692557
2017-12-05,88.8900,89.6600,86.1600,88.7700,3522100
2017-12-04,103.5500,104.9900,101.7050,104.3000,2734118
2017-12-01,87.3177,87.6111,85.0713,86.7645,2201000
2017-11-30,86.0017,88.0050,84.8617,87.7368,2639200
2017-11-29,85.6832,85.8759,84.9623,85.5407,1529900
2017-11-28,84.6605,85.4652,84.3420,85.2640,1449400
2017-11-27,101.0000,101.4700,100.4400,100.7700,1115261
2017-11-24,100.7800,100.9800,100.2500,100.8600,629568
2017-11-22,102.0000,102.5750,100.5100,100.7800,2084348
2017-11-21,86.0687,86.1693,85.4233,85.4987,2183900
2017-11-20,102.0000,102.9900,101.3106,102.1400,2952032
2017-11-17,98.9200,99.2800,97.6700,98.7000,1492700
2017-11-16,82.7745,83.6295,82.5901,83.1852,1395600
2017-11-15,99.2800,99.8900,97.5510,98.1600,2262349
2017-11-14,98.0100,100.2900,98.0100,100.2900,3539668
2017-11-13,94.9800,95.9500,94.6700,95.5700,2211288
2017-11-10,95.4900,96.3800,95.0800,95.2900,1910505
2017-11-09,95.7200,96.2600,94.5600,95.5800,1209884
2017-11-08,96.5100,97.2499,96.0200,96.3500,1195780
2017-11-07,97.2800,97.8800,96.8700,97.2600,1178393
2017-11-06,97.2900,97.9400,96.4200,97.2700,1438292
2017-11-03,99.1700,99.2200,96.6400,96.8900,2475755
2017-11-02,99.0500,99.9000,96.2403,99.3100,3079304
2017-11-01,100.5000,101.1300,99.0900,99.3800,1848890
2017-10-31,98.3000,99.5000,98.1600,99.3800,1318449
2017-10-30,98.2400,98.4000,97.4400,98.2500,1144646
2017-10-27,99.0500,99.0700,97.4000,98.7300,1572689
2017-10-26,98.3000,99.5000,97.9000,99.0700,1128195
2017-10-25,97.9800,98.2950,96.8300,97.4100,968550
2017-10-24,98.1600,98.8500,97.8100,98.2700,1060009
2017-10-23,97.4500,98.5600,97.1000,97.7700,966125
2017-10-20,98.2400,98.5800,96.6700,96.8400,1616368
2017-10-19,97.2400,97.7700,95.8300,97.6400,1226954
2017-10-18,97.4500,97.8500,96.9200,97.7300,1417457
2017-10-17,98.0000,98.1000,96.7900,97.2400,1587680
2017-10-16,98.0000,98.0100,96.6800,97.9800,2072619
2017-10-13,98.5700,98.9200,97.3800,97.4800,1233956
2017-10-12,97.7900,98.3400,97.4700,98.1000,1935043
2017-10-11,98.4100,99.9600,97.6000,99.2500,2158614
2017-10-10,98.6400,99.3400,97.3700,98.6200,2003495
2017-10-09,100.5200,100.9900,99.8700,100.1200,949156
2017-10-06,101.9500,102.1300,100.3600,100.4500,1361510
2017-10-05,102.6500,102.9300,101.3900,102.3100,1825355
2017-10-04,99.6100,102.3100,99.6100,102.3100,1651589
2017-10-03,100.5000,101.1264,99.4000,99.6200,1646850
2017-10-02,98.4300,99.9500,98.0100,99.9500,1503991
2017-09-29,97.7400,99.3100,97.6300,98.4000,2296120
2017-09-28,98.4900,99.3400,96.5350,97.7400,3847866
2017-09-27,103.7400,103.9700,98.2800,98.7800,4822012
2017-09-26,103.5000,104.0900,102.8000,103.1100,2262349
2017-09-25,102.7600,103.6590,102.4000,103.4500,2100386
2017-09-22,101.0300,102.9500,100.9300,102.7800,1283509
2017-09-21,101.4100,101.4100,100.5700,101.0400,1042808
2017-09-20,101.1400,101.5700,100.2800,101.1500,1129740
2017-09-19,100.8400,101.2800,99.9900,100.9000,1437280
2017-09-18,100.4200,100.8300,99.7600,100.5700,1363019
2017-09-15,97.9100,100.4999,97.9100,100.1900,2169492
2017-09-14,98.0700,98.8258,97.2700,97.8900,1819412
2017-09-13,97.8000,98.3100,97.4400,97.9900,1096159
2017-09-12,97.8800,98.0700,97.3900,97.7900,1419037
2017-09-11,97.3300,97.9800,96.7950,97.4900,1369112
2017-09-08,96.8700,97.1700,95.8100,96.6600,1255542
2017-09-07,96.9300,97.1200,96.1300,96.8700,1295809
2017-09-06,97.2100,97.4700,96.3000,96.7300,1315170
2017-09-05,97.5000,98.2700,96.4000,96.5900,1304190
2017-09-01,96.5900,98.0000,96.5300,97.6200,1054439
2017-08-31,95.5700,96.6700,95.2550,96.4000,1686230
2017-08-30,94.3000,95.0800,94.0200,95.0500,809226
2017-08-29,93.7800,94.4800,93.5900,94.2600,859021
2017-08-28,94.5200,94.8300,93.9500,94.4900,966671
2017-08-25,95.4400,95.4400,94.1700,94.2600,853406
2017-08-24,94.5300,95.1600,94.0400,94.5300,1264283
2017-08-23,93.5400,94.5400,93.3900,94.1900,827107
2017-08-22,93.0000,94.6100,93.0000,94.1800,957505
2017-08-21,92.5300,93.2000,92.0010,92.9100,806669
2017-08-18,92.1400,92.6700,91.4600,92.2700,1561887
2017-08-17,93.4700,93.9550,92.4200,92.4200,1902174
2017-08-16,93.9400,94.4400,93.7600,94.1000,1220165
2017-08-15,93.5400,93.8950,92.8100,93.3400,1041553
2017-08-14,93.3100,93.7900,93.0779,93.4900,988966
2017-08-11,91.4500,92.5500,91.0700,92.3400,1482882
2017-08-10,92.2000,92.5000,90.7300,91.1500,2305646
2017-08-09,93.4200,94.2100,92.2800,92.8000,1701979
2017-08-08,93.3200,94.6300,93.2400,93.9200,1468391
2017-08-07,93.0900,93.7800,92.3300,93.4700,1619564
2017-08-04,93.2000,93.4400,92.4900,93.1900,1441610
2017-08-03,91.2400,93.6200,91.2000,92.8600,2785235
2017-08-02,87.1200,91.0700,86.9500,91.0200,2681574
2017-08-01,90.7300,90.7700,88.5800,89.8300,2472146
2017-07-31,90.4500,91.1190,89.8800,90.4200,2003108
2017-07-28,90.2400,90.5200,89.7000,89.9500,1309617
2017-07-27,91.0200,91.2800,89.6904,90.5100,1551070
2017-07-26,90.6700,91.4300,89.8900,90.6700,1788263
2017-07-25,91.3800,91.3800,90.5100,90.9300,1706025
2017-07-24,90.8900,91.1900,90.2800,90.5000,1869053
2017-07-21,91.6400,91.7300,89.8100,90.9300,1727080
2017-07-20,93.4000,93.4300,92.4500,93.1000,1309130
2017-07-19,91.7900,92.9500,91.4300,92.8900,1386195
2017-07-18,92.0000,92.1100,90.9400,91.6100,1289209
2017-07-17,91.6800,92.2000,91.0700,91.9300,1441309
2017-07-14,91.8500,91.9100,90.5900,91.4300,1957396
2017-07-13,92.6000,93.2200,91.6100,91.7800,1898390
2017-07-12,92.2300,93.4300,92.2300,92.6000,1911450
2017-07-11,90.9200,92.4600,90.0700,91.7700,2122359
2017-07-10,89.1700,91.1500,88.9203,90.9300,1870765
2017-07-07,86.8000,89.3400,86.5700,89.1200,1612660
2017-07-06,87.5100,88.0186,86.4700,86.7300,1166280
2017-07-05,87.7900,88.1410,86.7700,87.9000,1475791
2017-07-03,88.2800,89.1800,87.7200,87.8000,676846
2017-06-30,87.1200,88.0900,86.9600,87.6500,1568587
2017-06-29,86.9400,87.3100,85.5300,86.4300,1479866
2017-06-28,87.0300,87.6200,86.5200,87.0100,1805208
2017-06-27,85.6700,86.7700,85.6700,86.4900,3242008
2017-06-26,86.0300,87.0700,85.9900,86.5400,1141240
2017-06-23,85.7900,86.5700,85.3300,86.0300,1087249
2017-06-22,85.6500,86.0900,84.9300,85.7500,1080160
2017-06-21,85.6300,86.3300,85.3500,85.8100,1223496
2017-06-20,85.9400,86.2100,84.1800,84.3200,1616912
2017-06-19,85.2300,86.6200,85.0550,86.5000,1467942
2017-06-16,85.5800,85.8700,84.2000,85.0100,2361364
2017-06-15,85.9500,86.4700,85.2400,85.9100,1270057
2017-06-14,86.9400,87.0800,85.7600,85.9300,899007
2017-06-13,85.8100,86.6300,84.8300,86.6200,1825372
2017-06-12,85.6300,85.9498,84.3900,85.1600,1922967
2017-06-09,86.1600,86.8300,85.3500,85.6900,1969069
2017-06-08,87.3100,87.8231,85.8400,86.0300,3022036
2017-06-07,88.8500,90.0500,87.8000,88.2000,1525051
2017-06-06,87.9600,89.1900,87.3400,88.8500,1801739
2017-06-05,88.9500,89.0000,87.7100,88.1300,1631522
2017-06-02,89.4200,89.7300,88.6000,89.0400,2280430
2017-06-01,88.8400,89.9300,88.0300,89.1800,2551976
2017-05-31,86.6600,88.1550,86.1700,87.9700,2195183
2017-05-30,87.1500,87.4800,86.6000,86.6000,1232404
2017-05-26,86.8700,87.9900,86.3900,87.5000,1003136
2017-05-25,86.7500,88.0000,85.8750,86.6300,1130805
2017-05-24,86.4300,86.5700,85.8200,86.5100,1232306
2017-05-23,87.0600,87.3600,86.2900,86.4000,1150027
2017-05-22,86.4000,87.4600,86.1300,87.1000,1510528
2017-05-19,85.6100,86.3300,85.2400,85.9000,1650690
2017-05-18,84.9000,85.5100,83.5300,85.1300,2462562
2017-05-17,86.2200,87.1000,85.0600,85.2000,2419007
2017-05-16,87.2900,87.6200,86.5300,87.0600,2302138
2017-05-15,86.9400,87.4300,86.4800,86.7000,1916540
2017-05-12,86.8000,87.2800,86.2900,86.6900,2214230
2017-05-11,87.5800,87.8900,86.5600,86.8700,2667091
2017-05-10,88.3700,88.5500,87.3000,87.7600,1662350
2017-05-09,87.6300,88.7200,87.2900,88.2700,1937027
2017-05-08,87.3800,88.2400,86.9350,87.4100,2499467
2017-05-05,88.2000,88.3450,87.0800,87.7000,3117425
2017-05-04,86.9000,89.5809,86.7800,88.0600,4423274
2017-05-03,84.6500,88.3500,84.0200,87.0100,11765247
2017-05-02,80.0500,80.4050,77.2400,78.4500,2928465
2017-05-01,80.4100,80.8900,79.7900,80.0000,1345344
2017-04-28,80.0400,80.4850,79.1400,80.4000,1610114
2017-04-27,80.3100,80.3900,79.2500,79.9600,1685932
2017-04-26,79.2400,80.3900,78.0700,79.2500,2175394
2017-04-25,80.4300,80.7400,79.1200,79.4200,1933670
2017-04-24,77.8600,79.7400,77.7824,79.2500,2619181
2017-04-21,77.6000,77.7250,76.6000,76.6000,1532163
2017-04-20,76.1100,78.1100,76.1100,77.9000,2289422
2017-04-19,75.0500,75.8500,74.7600,75.3700,1440646
2017-04-18,74.2000,74.5300,73.4600,74.3500,1214475
2017-04-17,73.8100,74.7100,73.7400,74.7100,1349177
2017-04-13,74.2500,74.7800,73.7400,73.7500,1150896
2017-04-12,74.9100,75.1300,74.0900,74.2800,2812047
2017-04-11,75.5000,75.8500,74.1100,74.9100,1911823
2017-04-10,75.1400,76.2100,75.1110,75.5300,1099143
2017-04-07,75.0700,75.3400,74.1000,75.1400,1537637
2017-04-06,75.0000,75.6700,74.6000,75.1200,2094308
2017-04-05,76.6400,77.8000,75.0700,75.0900,2510821
2017-04-04,77.7600,77.9950,75.8700,75.9800,3037510
2017-04-03,80.7300,80.8200,76.8250,78.2500,2432892
2017-03-31,80.8300,81.1500,80.3300,80.4900,1737513
2017-03-30,80.4200,81.0475,80.0900,81.0000,1000232
2017-03-29,80.5800,81.0100,80.0000,80.4900,780724
2017-03-28,79.4900,81.1200,79.2150,80.3800,1264353
2017-03-27,78.1600,79.5300,77.4000,79.4500,1548013
2017-03-24,78.8000,79.5800,78.4800,78.9000,1580449
2017-03-23,78.5100,79.0400,78.0200,78.6000,1501118
2017-03-22,78.2300,79.1600,77.1400,78.7300,2964674
2017-03-21,81.5000,81.7400,78.0200,78.1600,2390151
2017-03-20,81.8800,82.0000,80.8200,81.1200,1657723
2017-03-17,82.4800,82.4800,80.7600,81.8500,2182065
2017-03-16,83.2200,83.2300,81.4300,82.2700,2178615
2017-03-15,81.0400,82.7600,81.0400,82.2900,2801496
2017-03-14,79.7000,81.8000,79.3600,81.0000,2752616
2017-03-13,78.8600,80.4400,78.5700,80.2000,4101463
2017-03-10,77.0000,77.7500,76.7100,77.0900,1359264
2017-03-09,76.5900,76.7700,75.9600,76.2900,1023690
2017-03-08,76.1200,76.8600,75.7600,76.6300,1106193
2017-03-07,76.2800,76.2800,75.3200,75.9700,1248456
2017-03-06,76.5600,76.8100,75.3400,75.9200,1555853
2017-03-03,77.2700,77.6100,76.6600,77.1800,1256898
2017-03-02,76.5300,77.8400,76.0450,77.3900,1918533
2017-03-01,77.1300,78.1200,76.6800,76.7700,2419249
2017-02-28,77.0800,77.3300,75.7800,76.1300,1939023
2017-02-27,76.5000,77.4600,76.1600,77.2000,1761129
2017-02-24,75.4300,76.9600,74.6500,76.6900,2683923
2017-02-23,76.0500,77.0400,75.7900,75.9800,2061160
2017-02-22,75.4100,76.5000,75.1800,76.1400,2306079
2017-02-21,75.5300,76.6100,75.4200,75.8400,1423790
2017-02-17,74.6100,75.5900,74.6100,75.4600,1479884
2017-02-16,76.0800,76.3100,74.8300,75.2200,1508095
2017-02-15,75.2600,76.4600,75.2200,76.2500,1320792
2017-02-14,75.6800,76.4100,75.5800,75.9600,1817607
2017-02-13,74.5800,76.0800,74.5800,76.0000,2303247
2017-02-10,73.9700,74.6300,73.4800,74.3200,1674515
2017-02-09,73.8300,74.3100,73.4300,73.7600,1893570
2017-02-08,73.9400,74.0700,73.4400,73.9400,1648938
2017-02-07,73.7300,74.2200,73.5600,74.1100,2314163
2017-02-06,73.6800,73.9900,72.9500,73.7300,1473401
2017-02-03,74.0400,74.5150,73.0100,73.7400,2064006
2017-02-02,73.8300,74.1000,72.5600,73.5100,5061784
2017-02-01,70.5700,71.2800,70.0000,71.0000,2032756
2017-01-31,69.5600,70.1200,69.0400,70.0600,2787714
2017-01-30,70.9200,70.9700,69.3500,69.7000,2316389
2017-01-27,72.0200,72.5000,70.5700,70.9900,2386096
2017-01-26,72.8100,73.8893,71.5800,71.8600,2068443
2017-01-25,72.1800,73.4800,71.8950,73.3700,1969960
2017-01-24,70.7300,71.7600,70.3200,71.4500,2558164
2017-01-23,70.4400,70.4600,69.5300,70.0700,1818570
2017-01-20,71.8600,72.0500,70.2900,70.6600,2079079
2017-01-19,72.0000,72.6100,71.6300,72.0100,1864441
2017-01-18,71.6700,72.2000,70.6800,71.5000,1763040
2017-01-17,71.5000,72.6100,71.4700,71.6900,1961276
2017-01-13,71.0000,71.8200,70.8800,71.6300,1466505
2017-01-12,71.5400,71.7400,69.8700,71.0600,1652552
2017-01-11,69.9600,71.5500,69.8200,71.5400,3085929
2017-01-10,68.5700,70.9400,68.2700,70.4700,2725437
2017-01-09,69.2500,69.3900,68.0100,68.0600,2534670
2017-01-06,69.9300,69.9300,69.1200,69.1700,1424625
2017-01-05,69.9400,69.9700,68.9400,69.6100,1989439
2017-01-04,67.7000,70.2100,67.6701,70.0400,2476458
2017-01-03,67.8400,68.6450,66.6200,67.5400,2064240
2016-12-30,67.8100,68.1100,66.7700,67.3500,1322002
2016-12-29,67.3000,67.9200,67.0650,67.3600,806934
2016-12-28,68.7100,68.8900,67.2600,67.3100,1024437
2016-12-27,67.6500,68.5300,67.6500,68.0600,1136517
2016-12-23,67.2100,68.2600,67.1500,67.8000,1286842
2016-12-22,68.5700,68.7800,67.1900,67.2500,1465377
2016-12-21,67.8700,69.5650,67.5200,69.1900,2106387
2016-12-20,68.2400,68.4100,67.1100,67.2800,1913709
2016-12-19,67.8100,68.1350,67.1000,67.6800,2150335
2016-12-16,69.4600,69.8000,67.9700,68.1000,2799605
2016-12-15,68.7000,70.0900,68.5000,69.0500,1353017
2016-12-14,68.7500,70.4800,68.5300,68.8000,2806947
2016-12-13,69.6100,70.7500,68.8800,70.0400,1730605
2016-12-12,71.5100,71.5100,69.2900,69.3800,1802581
2016-12-09,71.1200,71.6000,70.4800,71.5200,1400591
2016-12-08,70.3600,71.9500,69.8300,71.3500,2666024
2016-12-07,66.2100,71.3000,65.7500,70.3600,5349860
2016-12-06,63.7000,65.9550,63.5200,65.8800,2157336
2016-12-05,64.4600,64.9000,63.4600,63.7500,3009845
2016-12-02,65.5300,65.8700,63.6100,63.7200,2333075
2016-12-01,64.6300,65.8200,64.1000,65.6300,2540361
2016-11-30,64.2500,65.9600,63.9000,64.0000,3773562
2016-11-29,62.8400,64.2300,60.5000,63.4400,6130280
2016-11-28,67.5000,67.9100,66.2800,66.3200,1825213
2016-11-25,67.4700,68.1500,67.3200,67.5200,534687
2016-11-23,66.7300,67.7500,66.4700,67.0600,1597956
2016-11-22,67.8400,67.8800,63.5000,66.9800,3493820
2016-11-21,68.5900,69.2900,68.2600,68.6700,1816237
2016-11-18,68.2000,69.0100,68.1000,68.1900,2067636
2016-11-17,66.4700,68.1400,65.5000,68.0500,1994444
2016-11-16,66.5100,66.6000,65.3700,66.5400,2649339
2016-11-15,66.6300,67.5400,66.3300,66.7700,2730272
2016-11-14,65.6900,67.3200,65.6900,66.5600,3590918
2016-11-11,66.0000,66.4700,65.0700,65.2300,4682736
2016-11-10,65.7500,67.9600,65.7400,66.4700,4223705
2016-11-09,66.5000,67.9200,63.5600,65.5800,7635492
2016-11-08,68.8000,70.3600,68.1000,70.1100,2715141
2016-11-07,67.6900,69.1600,67.6900,69.1500,2401327
2016-11-04,66.1400,67.4400,65.4500,66.7600,1932679
2016-11-03,66.7000,68.0800,66.2300,66.3400,2112006
2016-11-02,65.2600,67.9700,64.4900,66.7100,3598191
2016-11-01,65.3100,66.1800,64.8100,65.2000,3340238
2016-10-31,64.9200,65.7050,64.4200,65.0700,2113812
2016-10-28,64.4900,65.4000,64.2900,64.7100,1712548
2016-10-27,64.3700,64.5050,63.0400,64.4500,2082065
2016-10-26,63.0700,65.3500,62.6800,64.2700,2975293
2016-10-25,64.0300,64.1300,62.4700,63.2300,2095282
2016-10-24,64.7300,64.9300,64.1900,64.2300,1579594
2016-10-21,63.8000,64.0800,63.0800,63.9200,2668607
2016-10-20,65.1300,65.1300,63.9400,64.4200,1694240
2016-10-19,64.4100,65.5400,64.2000,65.1300,2733992
2016-10-18,67.0900,67.0900,64.0000,64.1100,3431594
2016-10-17,65.9300,66.8400,65.8600,66.4200,2886760
2016-10-14,66.4800,67.3400,65.8100,65.9900,2364121
2016-10-13,66.8200,67.0500,64.8000,65.9100,2511632
2016-10-12,67.9900,68.1100,67.5500,67.6700,1113291
2016-10-11,69.7300,69.8850,67.5100,67.8000,1683448
2016-10-10,70.5700,71.1500,69.9150,69.9600,879248
2016-10-07,71.0300,71.1000,69.6850,70.1200,1294233
2016-10-06,71.5700,71.5700,70.2800,71.0300,1257735
2016-10-05,70.9800,71.9400,70.7900,71.7700,1535551
2016-10-04,71.4100,71.6600,70.3000,70.7100,1335499
2016-10-03,71.1500,71.8900,71.0500,71.2200,1549449
2016-09-30,70.0500,71.8400,69.3800,71.3200,2476637
2016-09-29,70.2800,71.0200,69.4700,69.6800,1741078
2016-09-28,68.6900,70.7000,68.5400,70.6300,2609812
2016-09-27,68.4900,68.7900,67.8500,68.4000,2777625
2016-09-26,69.1300,69.3250,68.6700,68.7600,1939651
2016-09-23,69.9200,70.0700,69.4100,69.5100,1088513
2016-09-22,70.4000,70.8700,70.0900,70.2300,1791155
2016-09-21,69.4200,69.8025,68.6300,69.5200,1918649
2016-09-20,69.8700,70.0000,68.4600,68.8500,1705021
2016-09-19,70.4100,71.0000,69.4900,69.5700,1475330
2016-09-16,68.6500,69.9800,68.1400,69.7700,2724472
2016-09-15,68.8200,69.3100,68.1200,69.1100,1726802
2016-09-14,67.7900,68.9900,67.6800,68.4400,3131507
2016-09-13,68.1400,68.8200,67.3400,68.1800,2192948
2016-09-12,67.1100,69.3400,66.7600,69.0200,4150812
2016-09-09,69.9300,70.4900,67.9325,68.0100,4622311
2016-09-08,70.0300,70.8000,69.9580,70.6700,1620548
2016-09-07,70.4800,70.7400,69.8600,70.2900,1634724
2016-09-06,70.9000,71.0200,69.8300,70.4700,2290782
2016-09-02,70.7600,70.8550,69.9200,70.1700,1990944
2016-09-01,71.0100,72.1300,69.8380,70.3000,3334482
2016-08-31,70.1900,72.0500,69.8600,70.6600,2887544
2016-08-30,70.8600,71.4800,70.2300,70.4100,2490117
2016-08-29,69.5200,70.8400,69.0900,70.8400,3293682
2016-08-26,68.7500,69.7600,68.6200,69.6200,3173355
2016-08-25,68.1100,68.9400,67.3200,68.6500,2913259
2016-08-24,68.1500,69.1200,68.1200,68.6500,4482624
2016-08-23,67.5000,68.0250,66.4150,67.8600,3040649
2016-08-22,65.1900,65.2450,64.6700,65.0600,1235099
2016-08-19,64.7600,65.4100,64.7100,65.3100,2439485
2016-08-18,65.0200,65.4900,64.6400,65.0700,1558543
2016-08-17,64.8400,65.0500,64.4827,64.9500,2256872
2016-08-16,64.5900,65.0700,64.1000,64.5300,1466043
2016-08-15,64.1200,64.9000,63.5900,64.7800,2284932
2016-08-12,65.0700,65.0700,63.6900,63.9800,1852769
2016-08-11,65.7200,65.9300,65.3400,65.3500,1320066
2016-08-10,65.6900,65.9300,65.0800,65.1800,1207619
2016-08-09,65.7600,66.3200,65.4200,65.5700,1290858
2016-08-08,66.1600,66.8800,65.6400,65.6800,1520045
2016-08-05,64.0000,66.5300,63.8950,66.2600,2815206
2016-08-04,64.3800,64.5500,63.4400,63.4900,3091333
2016-08-03,63.5000,65.8300,62.3700,64.0500,5011249
2016-08-02,67.2600,67.3850,65.1200,65.3200,3435879
2016-08-01,67.7900,68.2100,67.3650,67.8000,2089189
2016-07-29,67.6400,68.3600,67.3200,67.8200,2612401
2016-07-28,67.0300,67.9100,65.4600,67.6700,3673150
2016-07-27,69.9200,70.3800,68.9300,69.2400,1732424
2016-07-26,68.5500,69.4500,68.3800,69.4100,1609057
2016-07-25,68.4500,68.5600,68.0300,68.3400,1404424
2016-07-22,68.6700,68.6900,67.5400,68.3600,1749570
2016-07-21,68.5500,69.5100,68.4150,68.7600,1904990
2016-07-20,66.7800,68.4700,66.7000,68.2600,1495933
2016-07-19,66.5600,67.0300,66.1410,66.7400,1285041
2016-07-18,66.2400,67.6600,66.2400,67.0900,1332144
2016-07-15,67.2500,67.7797,66.8400,67.0700,1629733
2016-07-14,68.0000,68.1300,67.1500,67.1700,1616899
2016-07-13,66.7100,67.0200,65.5400,67.0000,2767432
2016-07-12,66.0900,67.0850,66.0600,66.6700,2237626
2016-07-11,65.3800,66.6200,65.1600,65.2200,2079458
2016-07-08,63.5800,65.1300,63.5600,64.8500,2436609
2016-07-07,61.1000,62.8800,61.0550,62.6900,3121061
2016-07-06,60.4000,61.1300,58.9700,60.9200,1996700
2016-07-05,62.8800,62.8800,59.8900,60.1900,2114559
2016-07-01,63.4900,64.9800,62.9700,63.6200,3114198
2016-06-30,63.0000,63.6100,62.0900,62.6000,3170392
2016-06-29,61.4700,62.9100,61.1250,62.7500,3528627
2016-06-28,60.1800,61.7500,59.7600,60.7200,3401245
2016-06-27,61.2200,61.3400,58.0400,59.0600,4836321
2016-06-24,66.6800,66.8837,61.9050,62.0700,6216989
2016-06-23,69.9900,70.7300,69.6400,70.7100,1737989
2016-06-22,69.6800,70.0800,68.8500,69.0300,1714019
2016-06-21,69.5500,69.8800,68.4900,69.1700,2569537
2016-06-20,68.3600,70.0000,68.3600,69.6900,3774402
2016-06-17,66.1800,67.3100,66.0100,66.4600,2784234
2016-06-16,65.1800,66.3100,64.1900,66.2400,1658001
2016-06-15,65.4300,66.8000,65.1200,65.8500,1452736
2016-06-14,65.5100,66.0900,64.6000,65.1500,1491955
2016-06-13,66.8300,67.1200,65.9200,65.9200,1436429
2016-06-10,68.1600,68.4700,67.1400,67.3300,1339290
2016-06-09,68.3800,69.0500,67.9500,68.9300,1282593
2016-06-08,68.7600,69.3500,68.4300,69.0400,1663598
2016-06-07,66.8300,68.5500,66.8300,68.3400,1557006
2016-06-06,67.2900,67.7400,66.6000,67.5300,1887967
2016-06-03,67.9300,68.4500,66.1500,67.0700,1758192
2016-06-02,67.0200,68.3800,66.7501,68.3400,2233597
2016-06-01,67.2200,67.3900,65.8800,67.0600,2075849
2016-05-31,68.0200,68.4500,67.6100,67.9600,2581043
2016-05-27,67.0500,67.8400,67.0000,67.7800,1298480
2016-05-26,67.9300,68.3600,66.5400,67.1900,2002990
2016-05-25,68.4400,69.0900,67.9400,68.0000,1869840
2016-05-24,66.6300,68.2900,66.3500,68.0600,2436995
2016-05-23,66.5900,66.9100,66.1000,66.2000,846163
2016-05-20,66.2000,67.1300,65.9700,66.7600,1696168
2016-05-19,67.0000,67.4300,65.6200,65.8600,2221782
2016-05-18,66.8600,68.0800,66.4300,67.3100,2714144
2016-05-17,68.1300,68.3300,66.6900,67.0600,2991724
2016-05-16,68.7100,68.9800,67.9700,68.5800,1867157
2016-05-13,69.4000,70.1600,68.2900,68.4700,1627150
2016-05-12,70.9400,71.2400,69.5000,69.6700,1328587
2016-05-11,71.3800,71.6500,70.2700,70.2800,1392545
2016-05-10,70.2900,71.4500,70.0500,71.3000,1320659
2016-05-09,69.9300,70.6700,69.9200,70.0200,1168872
2016-05-06,69.1900,70.6700,68.8401,70.4600,1975398
2016-05-05,70.7100,71.0700,69.3000,69.3100,2968900
2016-05-04,72.6000,73.5000,69.6500,70.0900,5132611
2016-05-03,72.9400,73.8950,71.6200,73.1700,2342558
2016-05-02,74.0700,74.0700,73.3200,73.7100,2082971
2016-04-29,75.1700,75.1700,73.2300,73.6300,2170145
2016-04-28,76.0000,76.1900,73.8800,74.9900,1859663
2016-04-27,77.7700,78.0000,76.5700,77.0200,1769961
2016-04-26,76.3500,77.9100,76.2175,77.8700,1602645
2016-04-25,75.3900,76.1200,75.1900,76.0400,1423053
2016-04-22,75.9800,76.1600,74.9000,75.7300,1955231
2016-04-21,76.8400,77.3060,75.8900,76.0000,1630287
2016-04-20,77.0900,77.3700,76.2200,76.6300,1973238
2016-04-19,77.1800,77.4100,76.2300,76.7700,2457144
2016-04-18,76.9700,77.0100,75.9700,76.5100,1603196
2016-04-15,77.0900,77.4400,75.9100,76.2200,3325832
2016-04-14,76.5900,77.7000,75.5700,77.1900,2709454
2016-04-13,73.4400,76.4800,73.3000,76.4200,4166243
2016-04-12,73.0100,73.1799,71.8200,72.3500,2140712
2016-04-11,72.2300,73.2400,71.8300,72.6200,2299845
2016-04-08,72.0500,73.1500,71.4750,71.5900,1651691
2016-04-07,71.5600,72.8700,70.8600,71.2000,3194912
2016-04-06,70.8500,71.6900,70.0500,71.6600,2217588
2016-04-05,69.7900,71.5400,68.6300,71.0100,2166319
2016-04-04,73.3000,73.4797,70.4900,70.8300,3611115
2016-04-01,74.1800,74.6700,72.2200,73.6900,1810594
2016-03-31,74.9100,75.8700,74.6300,75.0200,2012139
2016-03-30,74.6200,75.8600,74.3300,74.9100,2057713
2016-03-29,71.9000,73.9650,71.7450,73.9200,1564860
2016-03-28,72.4800,72.9300,72.1000,72.2600,1122117
2016-03-24,71.8500,72.5900,70.9500,72.3700,2319879
2016-03-23,72.8700,73.1100,72.2900,72.5400,1854108
2016-03-22,71.6200,73.5400,71.6200,73.2600,2086673
2016-03-21,72.5600,72.7400,71.6500,72.3600,1691114
2016-03-18,73.3800,73.5300,72.2100,72.6400,2945887
2016-03-17,72.4100,73.3500,71.8700,73.1000,2659896
2016-03-16,70.7700,72.4800,70.7300,72.1400,2779790
2016-03-15,70.3100,71.0500,69.3400,70.9800,1375648
2016-03-14,69.5700,70.3450,69.1800,70.0600,1399019
2016-03-11,69.4600,70.7200,69.2600,70.2800,2553698
2016-03-10,69.2400,69.3900,67.1600,68.3700,2747772
2016-03-09,69.5600,70.2100,68.8200,69.1100,1826778
2016-03-08,69.8500,69.9300,68.3700,68.9400,2105784
2016-03-07,70.8100,71.2000,69.9500,70.5900,1927118
2016-03-04,70.6400,72.4700,70.0000,71.5300,3877819
2016-03-03,69.1500,70.9500,68.8500,70.7900,2409417
2016-03-02,68.7800,69.4200,68.4100,68.9400,1793922
2016-03-01,67.7700,69.0900,67.0900,68.8700,2601839
2016-02-29,66.7100,67.6600,66.3900,66.6800,2708769
2016-02-26,67.5700,68.0300,66.4500,66.7200,2481783
2016-02-25,63.8100,66.7200,63.5703,66.6800,2882371
2016-02-24,63.4800,64.0200,62.1200,63.6900,3484461
2016-02-23,65.6000,65.9400,64.1900,64.4100,2700582
2016-02-22,66.1100,67.5100,65.7000,66.1000,2785116
2016-02-19,65.0700,65.3800,63.8800,65.1600,2391007
2016-02-18,66.1800,67.1500,64.9850,65.3700,2560713
2016-02-17,63.5400,66.1900,63.4000,66.0100,3309698
2016-02-16,62.3700,63.5300,61.7800,63.1200,4034020
2016-02-12,59.7500,61.4400,58.9500,61.2400,3505018
2016-02-11,57.5900,60.4100,57.3900,58.6300,3486528
2016-02-10,58.1800,59.3800,58.1100,58.9600,4160247
2016-02-09,56.0200,58.3100,55.5900,57.6400,4938860
2016-02-08,58.4800,59.2200,56.1400,57.0100,4391424
2016-02-05,61.7300,63.0900,58.7700,59.4300,4668027
2016-02-04,61.0100,62.5400,57.0000,62.2300,3581779
2016-02-03,64.8500,64.9000,61.6100,62.5500,3920629
2016-02-02,65.7300,65.9900,63.5800,63.9700,2580873
2016-02-01,64.7000,66.6500,64.5700,66.4000,2855740
2016-01-29,64.1900,65.0850,63.4950,64.9400,3312982
2016-01-28,67.1100,67.9800,64.1100,64.1400,2740548
2016-01-27,66.0600,66.9400,65.4800,66.2300,3587242
2016-01-26,65.3700,66.5100,65.0000,66.3700,2683063
2016-01-25,64.8300,65.1900,63.8200,64.2800,2858449
2016-01-22,66.5200,67.6100,64.6200,65.0400,3454330
2016-01-21,66.1000,67.0500,64.9300,65.1000,3768705
2016-01-20,66.1800,66.8400,63.4700,65.7200,5328304
2016-01-19,68.3200,68.9400,66.5200,67.3400,3350262
2016-01-15,67.0900,68.4400,65.7600,67.4700,4742275
2016-01-14,70.2200,70.5900,65.9300,69.4200,7256252
2016-01-13,75.4400,75.5500,70.0300,70.1500,5131753
2016-01-12,77.2100,77.4500,72.5800,74.9500,5933409
2016-01-11,73.8400,76.1300,73.5500,75.8400,3439925
2016-01-08,75.7100,76.4850,73.4700,73.5800,3174839
2016-01-07,77.5100,78.1400,74.7300,75.0400,4654606
2016-01-06,80.2100,80.3700,78.8600,79.4900,4116650
2016-01-05,84.4600,84.6850,81.2000,81.6600,2391496
2016-01-04,84.4500,84.8000,82.9000,83.9900,2195255
2015-12-31,85.9800,86.7000,85.5400,85.7300,921614
2015-12-30,87.4400,87.5800,86.3100,86.5400,1030686
2015-12-29,87.7500,88.0550,87.5250,87.6300,829577
2015-12-28,86.4500,87.2000,86.0300,87.1800,659407
2015-12-24,87.1400,87.4600,86.5100,86.8400,803182
2015-12-23,86.0800,87.8300,86.0800,87.1200,2096457
2015-12-22,84.6000,85.5200,83.9200,84.7100,1190896
2015-12-21,84.6200,85.2600,83.1100,84.0500,1493955
2015-12-18,83.3300,84.2000,82.6450,83.5100,2941753
2015-12-17,85.5100,85.8000,83.4500,83.4600,1618973
2015-12-16,84.1700,85.9500,84.1000,85.7600,1195883
2015-12-15,82.8300,84.5900,82.8000,83.6700,2224568
2015-12-14,82.1600,82.3226,81.1100,82.1500,1762165
2015-12-11,82.7300,83.5100,81.7300,82.0000,1435567
2015-12-10,84.3600,85.4300,84.2300,84.4200,1657058
2015-12-09,84.9000,87.1000,83.6600,84.4000,3462775
2015-12-08,85.7600,85.9600,84.1800,85.5000,2167495
2015-12-07,87.7800,88.2700,86.1200,86.5300,1853029
2015-12-04,85.9500,88.0200,85.7700,87.8500,1427176
2015-12-03,86.9800,87.2900,85.2300,85.8700,2428560
2015-12-02,88.3400,88.3400,86.5700,86.6400,2329570
2015-12-01,88.2800,88.8925,87.8000,88.6300,1700249
2015-11-30,88.0100,88.6200,87.3100,87.8800,2961038
2015-11-27,87.6400,88.4000,87.4100,87.5900,618876
2015-11-25,87.2900,88.2600,87.1700,87.7200,2030150
2015-11-24,85.6500,87.3800,85.3900,86.9400,2493499
2015-11-23,86.0900,86.8700,85.8600,86.3400,1798665
2015-11-20,84.4600,87.5600,84.3676,86.2100,3351649
2015-11-19,82.0400,84.0000,81.7500,83.9400,2237932
2015-11-18,81.2800,82.0800,80.6300,82.0700,2577436
2015-11-17,81.3700,81.7700,80.3400,80.6800,1512101
2015-11-16,80.3400,81.2200,79.9600,81.1700,1650668
2015-11-13,82.4900,82.7700,80.1800,80.3000,2112957
2015-11-12,82.6800,83.9400,82.6400,82.6800,1968531
2015-11-11,83.5000,84.4200,82.7000,83.9100,1424725
2015-11-10,82.1900,83.1500,81.8100,83.0300,236557
2015-11-09,82.7900,83.0000,82.0100,82.3100,193094
2015-11-06,83.0400,83.7900,82.3600,83.3000,2306508
2015-11-05,82.7500,83.5100,82.1000,83.2800,1189536
2015-11-04,83.8500,83.8500,82.7300,82.8200,1886028
2015-11-03,84.0700,84.3900,82.3700,83.4200,1870179
2015-11-02,83.5900,84.6500,82.7900,84.4200,1789720
2015-10-30,80.1800,83.6400,80.1800,83.1900,3669380
2015-10-29,84.5200,84.5200,79.9700,80.0400,4875753
2015-10-28,84.7200,86.1900,83.8311,86.1600,2940436
2015-10-27,84.5400,85.0100,84.0800,84.2800,2512504
2015-10-26,84.8100,85.0900,84.1600,85.0300,1920646
2015-10-23,84.0200,85.2500,84.0200,85.0600,2479806
2015-10-22,82.2500,84.6500,81.9000,84.5500,2647187
2015-10-21,82.9600,83.0500,81.6600,81.9100,1388301
2015-10-20,81.6200,83.0800,81.1700,82.2700,2059927
2015-10-19,80.7900,81.6000,80.4000,81.5700,1621670
2015-10-16,81.0100,81.1300,79.5640,81.1000,1993369
2015-10-15,80.8200,80.9700,79.6700,80.8200,1444213
2015-10-14,79.8100,80.6800,79.1900,80.1600,1557945
2015-10-13,81.6700,81.8700,79.7100,79.8400,2158043
2015-10-12,81.2700,82.4750,81.1000,81.7800,1174965
2015-10-09,81.3000,82.4200,81.0000,81.8900,1975749
2015-10-08,79.5000,81.5450,79.3600,80.9000,2411001
2015-10-07,78.6200,79.9600,78.5600,79.7400,1880725
2015-10-06,78.8300,78.9800,77.7700,78.0600,1743245
2015-10-05,78.6200,78.9950,77.7100,78.6300,1806440
2015-10-02,76.0300,78.0400,75.7601,77.9800,1874061
2015-10-01,76.4700,77.5600,75.1800,77.4400,2810073
2015-09-30,74.6000,76.1300,74.3900,76.0400,2568764
2015-09-29,70.5600,73.1100,69.5800,72.9400,3039992
2015-09-28,72.4300,72.4900,70.1800,70.3700,1816718
2015-09-25,73.8300,74.1100,72.9300,73.2600,1852513
2015-09-24,72.5200,73.4900,71.0700,72.8800,2401502
2015-09-23,75.0100,75.0100,73.1700,74.1000,1446743
2015-09-22,76.3600,76.3700,73.0700,74.4400,3516098
2015-09-21,78.1800,78.1800,76.3700,77.2300,1712409
2015-09-18,78.0200,78.5095,77.1300,77.6500,3309758
2015-09-17,79.4500,80.3500,78.8600,79.2100,2262652
2015-09-16,77.5000,79.8300,77.3900,79.6400,2045661
2015-09-15,76.2400,77.5300,76.2000,77.1900,2058716
2015-09-14,76.3900,76.7000,75.9900,76.3300,1392150
2015-09-11,75.1400,76.4100,74.1050,76.4000,2142082
2015-09-10,75.4300,75.6600,73.8200,75.2400,2470974
2015-09-09,76.4300,78.3500,75.4900,75.6700,1855934
2015-09-08,78.3400,78.3400,72.5100,75.5500,2164493
2015-09-04,71.8400,72.5100,71.0000,72.0100,1677826
2015-09-03,73.3000,74.5200,72.8300,73.2600,1427356
2015-09-02,72.7500,73.0900,71.5300,72.7800,1691268
2015-09-01,73.8700,74.3600,71.5500,72.0300,2403737
2015-08-31,76.0200,76.9400,75.2100,75.5200,2033489
2015-08-28,74.6400,75.7900,74.6400,75.3500,1950094
2015-08-27,74.3900,75.9700,73.5200,75.0300,3251198
2015-08-26,72.3300,73.5400,71.1400,73.4700,2515203
2015-08-25,73.1200,73.7900,70.1700,70.2300,2575816
2015-08-24,68.6100,72.9700,66.2700,70.5200,3915488
2015-08-21,73.6600,74.5900,71.9700,72.0700,3124183
2015-08-20,76.0000,76.7900,74.5400,74.6100,1890576
2015-08-19,77.5600,77.8200,76.4900,77.0000,1798868
2015-08-18,77.9900,78.3500,77.5300,77.8500,1707524
2015-08-17,76.0900,77.7500,75.8300,77.7200,1575647
2015-08-14,77.1600,77.1900,75.9800,76.2200,2469375
2015-08-13,76.0100,77.8700,75.8900,77.0300,3033289
2015-08-12,76.8200,76.8200,74.6650,76.3300,2978551
2015-08-11,79.4800,79.6200,77.3200,77.7100,2955516
2015-08-10,80.7700,81.6300,79.8200,81.1600,2486433
2015-08-07,77.7000,80.0000,77.4400,79.1900,2677456
2015-08-06,77.7100,78.1420,76.6700,77.3700,2078962
2015-08-05,78.3000,78.6100,77.2300,77.4900,1901070
2015-08-04,77.1900,78.4400,77.1300,77.8200,2007223
2015-08-03,78.3900,78.5500,76.8500,77.1600,1815468
2015-07-31,79.0100,79.1900,77.1200,78.0800,3300777
2015-07-30,76.5800,78.2600,75.9000,77.5000,3034539
2015-07-29,77.4700,78.5100,77.3500,78.4000,2432154
2015-07-28,75.2800,77.7500,75.2700,77.3500,2650654
2015-07-27,76.5700,76.7400,74.9400,75.3700,2478940
2015-07-24,78.6600,79.1500,77.1400,77.3600,1967054
2015-07-23,78.0000,78.8100,77.5700,77.8200,3058255
2015-07-22,78.1500,78.3700,77.2400,77.5000,1748775
2015-07-21,78.0100,78.4800,77.7400,78.3800,2313937
2015-07-20,77.6700,78.2400,76.9700,78.0700,3706471
2015-07-17,76.8500,78.0100,75.9200,77.9400,3221694
2015-07-16,80.2100,80.2600,76.7600,76.8000,4812568
2015-07-15,80.2400,80.7200,79.9200,80.7200,2044038
2015-07-14,79.8400,80.4600,79.7600,80.2200,1847654
2015-07-13,80.0300,80.6300,79.3600,79.9900,2762888
2015-07-10,79.2500,79.5550,78.8000,79.2000,4100429
2015-07-09,81.6800,81.6800,77.8000,77.9400,4182580
2015-07-08,82.3100,82.4300,78.0800,78.2300,6162971
2015-07-07,84.9100,84.9100,82.3200,84.0400,3284008
2015-07-06,85.1500,86.1100,84.2601,84.8100,2497144
2015-07-02,86.0700,86.3100,85.1800,85.9900,2010504
2015-07-01,85.4800,86.0600,85.2600,86.0000,1836560
2015-06-30,85.0200,85.5150,84.2700,85.0900,3097883
2015-06-29,87.2100,87.8300,84.1400,84.5300,3760561
2015-06-26,88.7300,88.8500,87.9000,88.6100,12230009
2015-06-25,88.7400,89.6300,88.2000,88.7400,1924714
2015-06-24,88.4600,88.7800,87.2200,87.9200,2715722
2015-06-23,89.3200,89.3200,88.1600,88.5400,3199343
2015-06-22,90.5700,90.5700,88.7050,88.8300,1985944
2015-06-19,88.7700,89.8800,88.4700,89.1600,6052286
2015-06-18,88.9900,89.7200,88.0600,89.0500,1690073
2015-06-17,87.8600,89.1100,87.8300,88.8400,1922233
2015-06-16,87.5700,88.0100,86.8150,87.6700,1533222
2015-06-15,87.3600,87.9500,86.8200,87.3100,1707061
2015-06-12,87.7000,87.9999,87.2200,87.5700,1296691
2015-06-11,88.6600,88.6700,87.6200,87.7600,1418053
2015-06-10,86.8600,88.4500,86.6600,88.3000,1303312
2015-06-09,87.1600,87.5800,86.2500,86.5700,1405480
2015-06-08,87.0800,87.7300,86.7900,86.8400,1445991
2015-06-05,87.2900,87.6400,86.9200,87.3200,2101913
2015-06-04,87.9700,88.0700,86.8100,87.0400,1587452
2015-06-03,87.9500,88.7400,87.4300,88.3500,1319023
2015-06-02,86.3800,87.9400,86.2600,87.5000,1477600
2015-06-01,87.2900,87.2900,86.1500,86.8300,1671405
2015-05-29,88.0300,88.0300,86.9300,86.9800,1645760
2015-05-28,86.9900,87.7600,86.7400,87.6000,1550191
2015-05-27,86.6800,87.4100,86.2700,87.1700,1459790
2015-05-26,86.3100,86.9800,85.8900,86.1800,1465473
2015-05-22,87.1200,88.0800,86.6600,87.0200,1497315
2015-05-21,87.0900,88.0400,86.7100,87.2900,1614441
2015-05-20,87.0500,87.5000,86.5300,86.8500,1590055
2015-05-19,87.3000,88.0500,87.0600,87.1900,1515604
2015-05-18,87.2500,87.4850,86.7500,87.2000,1098696
2015-05-15,86.5300,87.2600,86.2600,87.2500,1590809
2015-05-14,85.9200,86.5800,85.4400,86.5500,1319859
2015-05-13,85.6900,86.5000,85.2500,85.3600,1093740
2015-05-12,84.5100,85.9100,83.9500,85.6200,1460158
2015-05-11,85.2000,85.8800,84.8400,84.8400,1599791
2015-05-08,84.7400,85.9000,84.5500,85.3300,1064203
2015-05-07,84.4100,84.6900,83.6100,83.8500,1222812
2015-05-06,84.3300,84.5300,83.5800,84.5000,1991517
2015-05-05,86.3000,86.5200,84.1100,84.1300,2327468
2015-05-04,84.4200,86.3400,84.4200,86.0400,2168586
2015-05-01,83.8900,84.4400,83.4500,84.3400,2395583
2015-04-30,81.0800,83.4399,81.0800,83.0000,3270354
2015-04-29,82.5700,82.8500,81.6100,81.9300,1488598
2015-04-28,82.5400,83.0200,81.8900,82.6800,1575504
2015-04-27,83.3200,83.9800,82.5900,82.7200,1555215
2015-04-24,83.5100,83.9500,83.2900,83.5100,1210599
2015-04-23,82.6700,83.6000,82.1200,83.1900,1593628
2015-04-22,83.2300,83.8700,82.5100,82.8800,1521649
2015-04-21,83.3800,83.5300,82.4200,83.0300,1944501
2015-04-20,83.9300,84.1500,83.0900,83.3300,1549997
2015-04-17,83.4600,83.7200,82.7500,83.2700,1669408
2015-04-16,83.8800,84.5650,83.7500,84.0200,1837288
2015-04-15,84.5000,84.5400,83.6700,83.7500,1619017
2015-04-14,83.9100,84.3400,83.3400,84.1200,1464587
2015-04-13,84.9200,84.9700,83.7400,83.9700,1121421
2015-04-10,84.8600,85.2100,84.3600,84.7100,2145850
2015-04-09,83.2400,84.2750,83.2000,84.2300,2086647
2015-04-08,82.8600,83.4200,82.4300,83.2100,1784420
2015-04-07,83.3500,83.8300,82.8400,82.8800,1699246
2015-04-06,81.6400,85.0800,81.0500,83.8000,3946663
2015-04-02,79.0800,81.3800,78.7000,81.1800,3362129
2015-04-01,80.2300,80.2300,78.1700,78.8500,2301414
2015-03-31,79.0000,80.2500,78.8300,79.7400,2110610
2015-03-30,77.9900,79.2600,77.9900,79.2100,1114479
2015-03-27,76.8500,77.6000,76.6400,77.4900,1318532
2015-03-26,76.8700,77.0800,76.2300,76.8900,2381813
2015-03-25,79.1900,79.4050,77.4400,77.4600,1301403
2015-03-24,79.6300,79.9100,78.9300,79.2200,1146399
2015-03-23,80.0600,80.3200,79.8000,79.8400,1291188
2015-03-20,79.4900,80.0800,79.2100,79.9600,2969700
2015-03-19,78.8800,79.2250,78.3900,79.1800,1423898
2015-03-18,77.7500,79.3200,77.5300,79.1700,1812807
2015-03-17,77.6700,78.4600,77.4600,78.2100,1066160
2015-03-16,77.3600,78.4700,77.3000,78.2800,1697901
2015-03-13,77.6700,77.7400,76.4600,76.8000,2289962
2015-03-12,77.3200,78.1900,77.3100,77.9400,1449899
2015-03-11,77.6100,78.3800,76.7450,76.8800,2615570
2015-03-10,78.0900,78.2500,77.0600,77.6400,1881224
2015-03-09,78.4200,79.2400,78.2850,78.9800,1865045
2015-03-06,79.5800,79.9300,78.9200,79.0900,1515229
2015-03-05,80.6200,80.7900,79.7101,80.1300,1287569
2015-03-04,81.5300,82.2400,79.7400,80.7800,3238402
2015-03-03,79.9800,80.2200,79.2550,80.0200,1632975
2015-03-02,79.2500,80.5400,79.0500,80.1400,1546001
2015-02-27,79.0400,79.3400,78.5800,78.8400,935210
2015-02-26,79.5800,79.8100,78.9400,79.0600,879088
2015-02-25,78.9200,80.1500,78.9200,79.8500,1705748
2015-02-24,79.1600,79.4500,78.8100,78.8400,1011472
2015-02-23,78.9200,79.3900,78.8400,79.2000,1312411
2015-02-20,79.1000,79.3200,77.8400,79.2700,2017144
2015-02-19,78.5300,79.8000,78.4220,79.4100,1723808
2015-02-18,78.3300,78.6600,78.0000,78.4400,1455972
2015-02-17,78.7800,79.0200,78.0000,78.5000,1557714
2015-02-13,77.9000,78.7500,77.7100,78.7000,1592172
2015-02-12,78.2400,78.4260,77.8400,78.0600,2486914
2015-02-11,78.7000,78.9404,77.6300,77.9100,1908414
2015-02-10,78.0900,78.7700,77.4200,78.5900,2265635
2015-02-09,76.3700,77.3700,76.3600,77.2100,2161896
2015-02-06,76.3200,77.9100,76.1900,77.1600,3154085
2015-02-05,73.7300,75.9300,73.6200,75.8800,2743078
2015-02-04,72.4300,73.2000,72.4300,72.7500,2531938
2015-02-03,71.4400,72.9650,71.4300,72.7400,3431810
2015-02-02,69.2400,70.8600,68.8700,70.8100,2296010
2015-01-30,68.6500,69.5400,68.5200,68.7300,1803293
2015-01-29,68.3300,69.3945,67.6500,69.1700,1824564
2015-01-28,69.9300,70.1700,68.0200,68.1700,2453987
2015-01-27,68.8500,70.0700,68.4800,69.8000,2180305
2015-01-26,69.4800,69.8100,69.0640,69.5700,1613079
2015-01-23,69.1500,69.8000,68.9500,69.6700,1933874
2015-01-22,69.1600,69.5300,68.3400,69.2500,1829303
2015-01-21,67.4900,68.9300,67.0000,68.6300,2891282
2015-01-20,67.4000,67.6600,66.5600,67.4700,3060019
2015-01-16,67.0100,67.1300,66.1000,66.5900,3601546
2015-01-15,67.1400,68.0100,66.7700,67.1400,2457304
2015-01-14,66.8000,67.3800,66.5500,67.1400,3992761
2015-01-13,69.3500,70.5000,66.7750,67.6500,4101057
2015-01-12,70.1700,70.3300,68.6500,68.8900,2187905
2015-01-09,71.2700,71.4400,70.0400,70.1600,2251828
2015-01-08,70.2000,71.3300,70.0500,71.2400,2414544
2015-01-07,69.3500,69.9600,68.9800,69.5300,1924570
2015-01-06,69.5100,69.7100,68.3800,68.9800,2015485
2015-01-05,71.8200,71.9000,69.3600,69.4200,2574909
2015-01-02,73.4200,73.9000,71.7700,72.5900,1262497
2014-12-31,73.5800,73.8300,72.7200,72.7200,1032795
2014-12-30,73.8200,73.9400,73.2700,73.3200,845419
2014-12-29,73.7100,74.4400,73.4500,73.7900,1481809
2014-12-26,73.3700,74.0200,73.1800,73.6200,772519
2014-12-24,73.9400,74.0200,73.3950,73.4500,431906
2014-12-23,74.1100,74.8800,73.7500,73.8700,862021
2014-12-22,73.4100,73.9050,73.3300,73.7100,1003095
2014-12-19,72.9000,73.9400,72.7600,73.5100,2342882
2014-12-18,71.9300,72.5600,71.2300,72.5300,1564537
2014-12-17,69.4800,71.5200,69.4540,71.0000,1362494
2014-12-16,69.9600,70.8500,69.4150,69.4800,1943399
2014-12-15,70.6000,71.4700,69.6100,70.1000,2046619
2014-12-12,70.5100,70.9900,69.7700,69.7700,1576372
2014-12-11,71.4000,72.0300,71.0400,71.1600,1260763
2014-12-10,72.7400,72.7700,70.8800,70.9000,1497900
2014-12-09,71.9000,72.8700,71.7300,72.8400,1447907
2014-12-08,73.0300,73.5800,72.3000,72.7400,1411220
2014-12-05,73.5100,73.7500,73.0800,73.3900,1285723
2014-12-04,74.3000,74.4499,73.1900,73.3900,1534435
2014-12-03,73.4600,74.5400,73.4100,74.1400,1675452
2014-12-02,73.0200,73.3000,72.4300,73.2100,1720599
2014-12-01,72.8200,73.1000,72.1100,72.9000,1580161
2014-11-28,72.2500,73.4700,71.8400,72.9500,847382
2014-11-26,72.0400,72.0800,71.5300,71.7800,1138650
2014-11-25,73.1400,73.3300,71.8300,71.8800,2948276
2014-11-24,72.2300,72.8700,72.2200,72.8100,1425245
2014-11-21,72.0000,72.0800,71.4700,71.8700,1729217
2014-11-20,70.7100,71.4950,70.6000,71.1400,1845354
2014-11-19,71.3900,71.7900,71.0700,71.1000,1929864
2014-11-18,71.0100,71.8700,70.8700,71.7400,1721720
2014-11-17,70.6000,71.1100,70.4000,70.8500,854871
2014-11-14,70.7000,70.9600,70.3240,70.6800,926341
2014-11-13,70.5200,70.8000,70.4300,70.7100,773371
2014-11-12,69.9400,70.7700,69.8700,70.4500,1469568
2014-11-11,69.9600,71.0500,69.6100,70.2400,1282968
2014-11-10,69.4000,70.0100,69.2925,69.8700,1012307
2014-11-07,70.0700,70.4100,69.3500,69.5900,1245970
2014-11-06,69.8400,70.4500,69.5300,70.4300,1050050
2014-11-05,69.0900,70.2300,68.6300,69.9400,2427431
2014-11-04,68.7700,69.0500,67.8200,68.4400,2285745
2014-11-03,68.8200,69.5100,68.7400,69.0900,1290912
2014-10-31,68.6800,69.3550,68.4700,68.9800,2236270
2014-10-30,67.3600,68.2000,67.2100,67.7400,2174482
2014-10-29,69.2000,69.2100,67.1600,67.7200,1955904
2014-10-28,67.2000,68.8600,66.9000,68.8600,2784963
2014-10-27,66.9000,67.3950,65.9700,66.8800,1869354
2014-10-24,65.7800,66.9000,65.1400,66.7800,2708909
2014-10-23,65.2500,66.0000,64.6100,65.7000,2462269
2014-10-22,64.8300,65.9900,64.3900,64.4200,2501208
2014-10-21,63.9600,64.9500,63.7400,64.9500,2006878
2014-10-20,63.1500,63.7800,63.0000,63.5100,1640020
2014-10-17,63.1600,64.3200,62.7700,63.0900,2546928
2014-10-16,60.5200,62.5300,60.0700,62.3400,3087892
2014-10-15,60.4100,61.8900,59.2600,61.5800,4771255
2014-10-14,59.7700,61.8400,59.4800,61.4700,4257513
2014-10-13,60.3000,60.5500,58.2300,58.3000,2824635
2014-10-10,61.6800,61.7000,60.2700,60.3500,2960237
2014-10-09,63.8400,63.8400,61.5700,61.7600,2258100
2014-10-08,62.6900,63.2500,62.0000,63.1000,3539068
2014-10-07,63.0700,63.6380,62.7100,62.7100,2589747
2014-10-06,63.4600,63.8900,63.2200,63.4700,1873150
2014-10-03,63.0100,63.6700,62.9500,63.2500,2085529
2014-10-02,61.0100,62.6500,60.9400,62.5200,2764236
2014-10-01,61.3000,62.0500,60.9000,61.1800,3349368
2014-09-30,62.7900,62.8900,61.2050,61.3400,5989640
2014-09-29,63.5800,64.1400,62.7800,62.8000,2377711
2014-09-26,64.3000,64.4890,63.7900,64.1300,2403096
2014-09-25,64.4900,64.6600,63.9400,64.2500,2085224
2014-09-24,64.5500,65.0940,64.0100,64.5600,4509722
2014-09-23,64.8400,65.1600,64.0950,64.3100,2357661
2014-09-22,65.7500,65.7500,64.7100,65.0100,2300150
2014-09-19,66.0000,66.2300,65.3100,65.4400,5563600
2014-09-18,66.7000,67.0300,65.8500,65.8900,3884000
2014-09-17,67.4300,67.6300,66.4000,66.5700,3500700
2014-09-16,68.9600,68.9600,67.1900,67.2400,2764500
2014-09-15,70.0900,70.3000,68.7200,69.0800,1950400
2014-09-12,70.3700,70.4700,69.7900,70.1700,1647100
2014-09-11,70.5000,70.9400,70.2300,70.4700,1506800
2014-09-10,71.1400,71.4100,70.3500,70.8600,1514900
2014-09-09,71.1000,71.9400,70.9500,71.2400,2067600
2014-09-08,70.5800,71.9600,70.4900,71.4100,1908200
2014-09-05,70.0600,70.5900,69.5000,70.4800,1073100
2014-09-04,70.0000,70.5400,70.0000,70.2500,1082900
2014-09-03,70.0300,70.7400,69.8400,70.0100,882200
2014-09-02,69.7000,70.4300,69.7000,70.3100,1025900
2014-08-29,69.4100,69.6500,68.9300,69.5800,871700
2014-08-28,69.4600,69.4700,69.0100,69.3300,1586600
2014-08-27,70.4900,70.5500,69.3500,69.5000,1799500
2014-08-26,70.9800,71.1500,69.8900,70.0100,1814200
2014-08-25,70.6800,71.3300,70.6800,70.7400,1044300
2014-08-22,70.4900,70.9200,70.0501,70.6300,1259300
2014-08-21,70.7400,70.9300,70.2300,70.6500,1212500
2014-08-20,69.4600,70.7300,69.4600,70.5900,1074900
2014-08-19,69.4800,70.0400,69.4700,69.7900,1099200
2014-08-18,69.1700,69.4700,69.0700,69.3300,1305700
2014-08-15,69.1900,69.2600,68.1100,68.6500,1388200
2014-08-14,68.5000,69.0500,68.2725,69.0100,944700
2014-08-13,68.2800,68.4500,67.7500,68.1900,1077300
2014-08-12,67.9000,68.3600,67.5300,67.8100,774200
2014-08-11,68.6200,68.7300,67.9000,68.0200,1009900
2014-08-08,67.3000,68.5300,67.2000,68.4700,2330400
2014-08-07,68.3000,68.4500,67.1600,67.3100,1526900
2014-08-06,67.8500,68.4400,67.4900,68.0100,1369700
2014-08-05,68.2400,69.4800,68.0400,68.4400,2134200
2014-08-04,67.1300,68.0000,67.1300,67.8200,276869
2014-08-01,66.8400,67.8100,66.5500,66.8800,509109
2014-07-31,66.1100,67.8400,65.4100,66.8000,2731300
2014-07-30,68.1000,68.2400,67.2300,67.5800,2312500
2014-07-29,69.0700,69.4100,67.9000,67.9500,1697500
2014-07-28,68.9300,69.0900,68.3850,68.9600,1451000
2014-07-25,68.4700,68.9100,68.3200,68.7900,1170300
2014-07-24,68.8500,69.3700,68.4600,68.6200,969300
2014-07-23,69.1000,69.3100,68.5800,68.7500,934800
2014-07-22,68.7400,69.3000,68.6500,68.9500,1710100
2014-07-21,68.5100,68.8300,68.1800,68.3200,1559200
2014-07-18,68.3100,68.7200,67.9700,68.6100,1701100
2014-07-17,68.6400,69.4000,67.9800,68.1300,1846700
2014-07-16,69.8700,69.8700,68.9900,69.0700,1637200
2014-07-15,69.6400,70.1100,68.9660,69.5500,1320900
2014-07-14,70.0000,70.1800,69.6200,69.7500,1566800
2014-07-11,69.3400,69.9100,69.3400,69.5600,1109500
2014-07-10,68.7500,69.9100,68.7400,69.4700,2710500
2014-07-09,69.4400,70.0000,69.1400,69.7500,1730000
2014-07-08,69.3700,69.5100,68.6100,69.3900,2345000
2014-07-07,70.0900,70.0900,69.3500,69.6000,1793700
2014-07-03,70.2800,70.6400,70.0400,70.2200,1194700
2014-07-02,69.6600,70.0800,69.6000,69.8700,2732400
2014-07-01,69.3400,69.9100,69.3400,69.5600,3304100
2014-06-30,68.3800,69.1500,68.0200,68.7400,4004200
2014-06-27,67.8000,68.8900,67.5540,68.5000,17437700
2014-06-26,67.9700,68.4100,67.0210,68.1600,2945300
2014-06-25,67.3100,68.4000,67.2250,68.0000,2591200
2014-06-24,66.8800,67.9600,66.8200,67.5500,3412800
2014-06-23,67.5600,67.5600,66.7100,66.8400,2625700
2014-06-20,67.5400,67.7500,67.2900,67.3800,2575800
2014-06-19,68.4100,68.4200,67.2200,67.3800,1694300
2014-06-18,67.5700,68.0000,66.8900,67.9500,1308500
2014-06-17,67.7900,67.9000,67.2900,67.6100,1534300
2014-06-16,67.6800,68.1700,67.2900,67.7100,1756900
2014-06-13,67.5100,68.3700,67.4350,67.9900,2011900
2014-06-12,69.0400,69.2900,67.2400,67.3500,1569200
2014-06-11,69.5200,69.7100,68.8100,69.2400,1434800
2014-06-10,70.0900,70.5700,69.7500,69.9500,1710700
2014-06-09,70.5700,70.9800,70.1100,70.2400,1170100
2014-06-06,71.0500,71.2700,70.5500,70.7400,1596100
2014-06-05,70.1400,70.9300,69.6900,70.5100,1845900
2014-06-04,69.3500,70.3400,68.9400,70.0200,1703900
2014-06-03,68.3200,70.1100,68.3200,69.6900,1273500
2014-06-02,69.1400,69.3400,68.3000,68.8400,1186900
2014-05-30,69.0600,69.5900,68.7900,69.0600,1783400
2014-05-29,69.6000,69.9800,69.0000,69.2100,1418100
2014-05-28,70.3900,70.4400,69.4100,69.4300,1982800
2014-05-27,70.4800,70.7800,70.1400,70.4000,1609800
2014-05-23,68.0800,70.1100,67.9800,70.0000,2053900
2014-05-22,67.6300,68.0700,67.4300,67.8700,1020000
2014-05-21,67.0700,67.8900,67.0650,67.5300,1106800
2014-05-20,66.5100,67.4900,66.2900,66.8800,1681600
2014-05-19,66.4100,67.3500,66.3500,66.7200,2431300
2014-05-16,65.5400,66.2050,65.1800,66.0200,1075000
2014-05-15,66.9100,66.9500,65.2300,65.9600,1182500
2014-05-14,67.4400,67.5900,66.8700,66.9700,887900
2014-05-13,67.6300,67.8000,67.2500,67.4600,779500
2014-05-12,66.9200,67.4500,66.7500,67.3900,1194500
2014-05-09,66.6100,66.8700,65.7600,66.8400,1061400
2014-05-08,67.5600,68.0700,66.3500,66.6500,1367300
2014-05-07,67.4400,67.9000,66.7300,67.5200,1158200
2014-05-06,67.8200,67.9300,67.1200,67.2700,647300
2014-05-05,67.5500,67.9800,66.9000,67.9300,1076800
2014-05-02,67.2000,68.3700,67.1800,67.8800,1308600
2014-05-01,66.7600,67.8400,66.6900,67.1000,1277100
2014-04-30,66.1200,66.9000,65.6100,66.8400,1269200
2014-04-29,66.2300,66.5200,65.6200,66.2300,1416400
2014-04-28,66.6700,66.8900,64.7600,65.8200,1974400
2014-04-25,67.9100,68.0000,66.0300,66.4800,1975000
2014-04-24,69.6100,70.4900,67.3000,68.3400,2023500
2014-04-23,68.8000,69.1300,68.3700,68.7500,1582900
2014-04-22,68.0700,69.0100,67.7300,68.8300,1395000
2014-04-21,68.1800,68.1800,66.7901,67.8400,891900
2014-04-17,65.8700,67.6900,65.7500,67.2000,1800800
2014-04-16,66.5200,66.7700,65.7000,65.9000,3506300
2014-04-15,65.9400,66.4300,64.3300,65.6600,2610800
2014-04-14,65.6700,65.7200,64.7600,65.6200,1652700
2014-04-11,66.3800,66.4800,64.8600,64.9000,2992100
2014-04-10,68.0800,68.5200,66.5000,66.6300,2416900
2014-04-09,66.4200,68.3500,66.3600,68.2900,2096800
2014-04-08,65.7300,66.2600,64.7600,66.1100,2745200
2014-04-07,67.6600,67.6650,65.5500,65.9200,2268100
2014-04-04,70.1000,70.1400,67.5900,67.8100,1663900
2014-04-03,69.6200,70.1500,69.5000,69.7300,2476900
2014-04-02,69.7300,70.4860,69.6800,70.1100,3631700
2014-04-01,68.1300,69.7900,67.9500,69.5000,4313800
2014-03-31,67.3300,68.0100,67.2000,67.8600,1879000
2014-03-28,65.8000,66.9000,65.6600,66.7400,1515700
2014-03-27,65.3600,65.8200,64.8900,65.6700,1590700
2014-03-26,65.7500,66.5100,65.1100,65.3800,1495400
2014-03-25,66.8600,66.9200,65.3500,65.4300,2126800
2014-03-24,66.9900,67.2000,65.6000,66.2500,1349400
2014-03-21,68.1400,68.1400,66.4100,66.6400,2027000
2014-03-20,66.9800,67.6800,66.7700,67.5100,1429500
2014-03-19,67.7200,67.8200,66.6100,67.1500,1459000
2014-03-18,66.7900,67.6100,66.7300,67.5100,1384200
2014-03-17,65.5700,66.5600,65.5700,66.5200,2055800
2014-03-14,65.7200,66.0200,64.9300,64.9700,1915500
2014-03-13,67.3600,67.4100,65.5200,65.7600,2172600
2014-03-12,67.4800,67.8200,66.6800,67.1700,2709300
2014-03-11,67.0000,67.9200,66.8700,67.7700,3295200
2014-03-10,66.5600,67.0600,66.5500,66.8600,2463900
2014-03-07,67.1100,67.3400,66.4700,66.6300,1342400
2014-03-06,66.1400,67.0700,66.1300,66.9600,2476900
2014-03-05,66.9200,67.3100,65.4800,65.8100,2670700
2014-03-04,67.2000,67.3500,66.7900,66.8200,1795600
2014-03-03,65.8500,66.5400,65.3600,66.2700,2014000
2014-02-28,66.6800,67.0800,66.0800,66.5700,2079800
2014-02-27,66.7200,66.7500,66.0400,66.6100,2191000
2014-02-26,66.6600,67.1600,66.3500,66.8200,1438300
2014-02-25,66.3600,66.9800,66.1548,66.4400,4130300
2014-02-24,65.9800,66.7800,65.8900,66.5100,1937700
2014-02-21,66.0200,66.1700,65.7100,65.9100,2002800
2014-02-20,65.1400,65.9300,65.0050,65.7100,2514800
2014-02-19,64.8800,65.6200,64.7700,65.1500,2454100
2014-02-18,64.4300,65.2500,63.9230,64.9800,1958700
2014-02-14,63.9900,64.3200,63.7500,64.1200,1482100
2014-02-13,63.5400,64.3900,63.3100,64.1700,2074000
2014-02-12,63.4600,64.3000,63.3300,64.0900,2231500
2014-02-11,62.7100,63.1700,62.4800,62.9700,1917800
2014-02-10,62.2600,62.6800,62.0200,62.5800,972400
2014-02-07,61.7800,62.4300,61.5900,62.4100,1339900
2014-02-06,61.1900,61.8150,60.8400,61.5500,2394900
2014-02-05,59.5600,61.0300,59.5400,60.9700,3628100
2014-02-04,59.2500,60.2900,58.2200,60.0100,2310300
2014-02-03,61.0700,61.1300,58.9600,59.1300,3055300
2014-01-31,59.9100,61.1800,59.7800,60.8900,1788400
2014-01-30,60.3600,61.3400,60.1400,60.9800,2709800
2014-01-29,59.6900,60.1700,59.5700,59.8300,2195700
2014-01-28,59.9400,60.2700,59.4900,60.0400,1909000
2014-01-27,60.1900,60.3500,59.1500,59.5900,1558800
2014-01-24,62.0700,62.3100,59.8000,59.9200,1765000
2014-01-23,62.7500,62.9300,61.8600,62.3000,1831900
2014-01-22,63.1300,63.4200,62.6450,63.2500,2152400
2014-01-21,63.0800,63.3400,62.6500,63.0000,3250100
2014-01-17,62.3000,62.8300,62.1900,62.7000,2714400
2014-01-16,62.2200,62.5400,61.7700,62.2200,1130600
2014-01-15,62.2100,62.9800,61.4800,62.4100,3033800
2014-01-14,60.8800,62.0400,59.9400,61.9800,2336800
2014-01-13,61.1400,61.7950,59.9800,60.2000,1335100
2014-01-10,60.9800,61.5900,60.9100,61.4700,1848900
2014-01-09,60.8200,61.1750,60.0400,60.6200,1812500
2014-01-08,60.4500,61.0900,60.2100,60.7600,2916000
2014-01-07,59.7400,60.5590,59.4200,60.3400,3080200
2014-01-06,59.8100,59.8600,58.8500,59.2800,1311500
2014-01-03,59.5400,59.8799,59.0700,59.2700,891800
2014-01-02,59.6400,60.0000,58.9500,59.4200,747000
2013-12-31,59.9200,60.2100,59.6600,60.1300,702000
2013-12-30,59.7000,60.1600,59.5800,59.8400,667200
2013-12-27,60.2100,60.3200,59.6200,59.8300,527800
2013-12-26,60.2100,60.4200,59.9200,60.0500,946300
2013-12-24,59.6700,60.1900,59.6100,59.9900,623500
2013-12-23,58.9400,59.6000,58.7210,59.4400,1373400
2013-12-20,59.1100,59.2000,58.2950,58.3500,2980400
2013-12-19,60.1000,60.2100,58.8750,58.9700,1348900
2013-12-18,59.8000,60.2100,58.7300,60.1300,2433100
2013-12-17,59.5400,60.2700,59.3400,59.8100,1897000
2013-12-16,58.8600,59.7100,58.8600,59.6300,1266700
2013-12-13,58.1900,58.9300,58.0450,58.6000,1475900
2013-12-12,57.5000,58.1400,57.4900,57.8700,700200
2013-12-11,58.7300,59.0300,57.4300,57.6500,1511300
2013-12-10,57.9800,59.1750,57.6300,59.1200,2132300
2013-12-09,58.6600,59.3300,58.1200,58.2400,1579700
2013-12-06,58.3700,58.7500,57.8600,58.4400,1794900
2013-12-05,57.2600,58.2700,57.2600,57.4800,1813900
2013-12-04,56.8500,57.7500,56.6900,57.4700,1846600
2013-12-03,57.3300,57.6800,56.7500,57.2200,1677200
2013-12-02,58.3900,58.8600,57.6100,57.7900,950700
2013-11-29,58.4500,58.9600,58.0400,58.5500,691300
2013-11-27,58.0600,58.3300,57.8100,58.0300,695900
2013-11-26,57.9000,58.0600,57.3700,57.7000,1658700
2013-11-25,58.2500,58.4200,57.5500,57.6600,1168600
2013-11-22,57.9600,58.0400,57.4200,57.8800,1083800
2013-11-21,57.0600,58.2000,57.0000,57.8600,1246000
2013-11-20,56.6600,57.3000,56.2900,56.9000,2874900
2013-11-19,57.7900,58.4900,56.0100,56.1900,3574200
2013-11-18,58.1300,58.3300,57.4000,57.6700,1639900
2013-11-15,57.3400,58.1000,57.0600,58.0800,2391600
2013-11-14,55.8300,57.0800,55.8100,56.9500,1487100
2013-11-13,54.7000,55.8700,54.6700,55.8700,1454900
2013-11-12,54.7400,55.2300,54.5700,55.1700,2116000
2013-11-11,55.1200,55.3400,54.4200,54.8000,1457200
2013-11-08,54.0200,55.4800,54.0200,55.4200,1864400
2013-11-07,55.9200,56.0700,53.8300,54.0200,3031000
2013-11-06,55.9800,56.6700,55.0000,55.8600,2578100
2013-11-05,54.4300,55.7500,53.4000,55.0100,4038700
2013-11-04,57.5700,58.0400,57.2500,58.0000,1873900
2013-11-01,57.2000,57.5800,56.6100,57.5100,1426700
2013-10-31,56.4100,57.5701,56.3500,57.2000,1162800
2013-10-30,56.8400,57.4300,56.1000,56.5700,2873800
2013-10-29,56.9900,57.0000,56.3500,56.5900,3470700
2013-10-28,57.9100,58.0800,56.9200,57.0200,1725900
2013-10-25,58.8200,58.9400,57.6700,58.0300,1987100
2013-10-24,58.1000,58.4600,57.6700,58.2400,1082300
2013-10-23,59.3100,59.3700,57.5300,57.9000,2026900
2013-10-22,59.8200,60.0500,58.8800,59.4100,1402200
2013-10-21,60.2300,60.3000,59.1500,59.4900,1048900
2013-10-18,60.3000,60.3000,59.6200,60.0000,3907100
2013-10-17,58.9400,60.0500,58.8350,60.0400,1905000
2013-10-16,57.6300,59.0600,57.4600,59.0600,2105300
2013-10-15,57.1200,57.5800,56.6301,56.9000,989100
2013-10-14,56.8100,57.7800,56.3700,57.3800,2292400
2013-10-11,57.6300,57.8500,56.9600,57.3100,2197300
2013-10-10,56.2300,57.8800,55.9100,57.7200,2036100
2013-10-09,55.9600,56.3200,54.6300,55.9100,2713600
2013-10-08,57.7500,58.0000,55.8600,55.8800,2301600
2013-10-07,57.4700,58.1900,57.1200,57.7700,1139400
2013-10-04,57.5800,58.4600,57.5800,58.0100,3688300
2013-10-03,57.8500,58.2500,56.9100,57.5400,2087000
2013-10-02,58.5400,58.5400,57.6000,58.2100,1535300
2013-10-01,58.7000,59.5400,57.9800,58.8300,5519200
2013-09-30,57.9500,58.5000,57.3100,58.4200,2093000
2013-09-27,58.1100,58.5000,57.9700,58.4400,1335600
2013-09-26,57.8600,58.5000,57.7300,58.3700,809800
2013-09-25,58.1400,58.1900,57.4200,57.6700,1147200
2013-09-24,57.2000,58.4700,57.1100,57.9800,1429900
2013-09-23,57.7100,57.9700,56.6200,57.3100,1021400
2013-09-20,58.3600,58.6000,57.8750,58.0000,2802800
2013-09-19,57.7200,58.3800,57.6300,58.1100,1557200
2013-09-18,57.0600,57.8700,56.3500,57.3600,2037700
2013-09-17,57.1000,57.3700,56.4700,57.0800,1576400
2013-09-16,57.8000,57.8000,56.9700,57.0200,897500
2013-09-13,56.5900,56.9100,56.0100,56.9000,1285800
2013-09-12,57.5600,57.5900,55.9600,56.5600,1674200
2013-09-11,57.3900,57.8500,57.1400,57.6500,1800600
2013-09-10,57.0000,57.7200,57.0000,57.4000,1305900
2013-09-09,56.5600,57.0000,56.5100,56.5400,2397800
2013-09-06,57.5000,57.8400,56.4000,56.5000,1742900
2013-09-05,56.8400,58.2600,56.7100,57.4700,2214500
2013-09-04,56.0100,56.8300,55.3000,56.6800,1588100
2013-09-03,55.7500,56.2400,55.5600,55.9800,1499400
2013-08-30,55.5200,55.8900,54.6600,55.0200,1558800
2013-08-29,55.0500,55.7900,54.9000,55.5100,1706900
2013-08-28,53.7900,55.6700,53.0700,55.3100,2943800
2013-08-27,55.0400,55.0400,53.9300,53.9300,2090800
2013-08-26,55.5700,56.2000,55.4300,55.6400,1359000
2013-08-23,54.8300,55.9500,54.8000,55.5600,1539200
2013-08-22,54.5000,55.1800,54.4800,54.7200,998200
2013-08-21,54.5700,55.1500,54.3900,54.4300,904400
2013-08-20,54.7300,54.9600,54.3400,54.7300,1428300
2013-08-19,54.9500,55.1700,54.5900,54.7100,936500
2013-08-16,53.8600,55.5100,53.8400,54.9600,1658600
2013-08-15,54.9200,55.0100,53.7200,54.2000,1570500
2013-08-14,56.9300,56.9300,55.5200,55.5500,1748200
2013-08-13,55.8800,56.8100,55.4500,56.8000,1412000
2013-08-12,55.3500,55.8900,55.1100,55.6800,1208000
2013-08-09,55.8900,56.4100,55.3600,55.5600,1394800
2013-08-08,55.1900,55.8100,55.1700,55.5500,1526100
2013-08-07,55.4500,55.5100,54.5900,54.9100,1049600
2013-08-06,55.8600,56.1800,55.4900,55.6300,1394900
2013-08-05,55.7500,56.0300,55.6001,55.9100,1033900
2013-08-02,55.2500,55.9500,55.0900,55.8500,1623100
2013-08-01,54.3700,55.9000,54.2100,55.4300,4126400
2013-07-31,54.6300,54.9800,53.2600,53.7200,4051200
2013-07-30,55.5600,55.7500,54.9050,55.3200,1482900
2013-07-29,55.4400,55.7900,55.0800,55.2000,757400
2013-07-26,55.2900,55.8000,55.2750,55.7200,1498600
2013-07-25,55.2200,55.6500,54.9410,55.5300,1200300
2013-07-24,55.0600,55.5800,54.9500,55.4900,2259400
2013-07-23,55.3600,55.6600,54.6000,54.6300,1241200
2013-07-22,55.1700,55.4000,54.8000,55.1000,1504200
2013-07-19,55.1500,55.2300,54.6300,54.9500,1169400
2013-07-18,54.7500,55.2200,54.5100,55.0900,1759900
2013-07-17,54.3300,54.6800,54.2500,54.4400,1337400
2013-07-16,54.1900,54.5100,53.6500,54.0000,2273400
2013-07-15,55.0700,55.3700,54.8650,55.0000,1513900
2013-07-12,54.5100,54.9600,54.5100,54.9300,1185800
2013-07-11,54.3800,54.8100,54.0400,54.7700,5653900
2013-07-10,53.7600,53.9300,53.4800,53.7800,1742900
2013-07-09,54.1300,54.2500,53.4000,53.7800,2289600
2013-07-08,53.0800,53.8500,53.0800,53.6300,2049500
2013-07-05,52.2000,52.5900,51.8300,52.4200,1246800
2013-07-03,51.5000,51.6500,51.3500,51.6200,619400
2013-07-02,52.1500,52.2800,51.5900,51.9300,1200300
2013-07-01,51.1200,52.3390,51.1200,51.9600,1416800
2013-06-28,51.0000,51.2500,50.6700,50.6900,3094800
2013-06-27,50.8600,51.5100,50.7000,51.0000,1397000
2013-06-26,49.5200,50.7400,49.1000,50.6000,1647800
2013-06-25,48.6900,49.1300,48.6100,49.0100,1508700
2013-06-24,49.1600,49.1600,47.4000,48.1700,2112400
2013-06-21,50.8300,50.8300,49.0400,49.6900,2965600
2013-06-20,51.3800,51.4600,50.0500,50.2500,2340100
2013-06-19,52.0600,52.4600,51.9100,52.0900,2443900
2013-06-18,51.9000,52.0000,51.3400,51.9300,2240900
2013-06-17,51.9000,51.9000,50.7200,51.2100,1861600
2013-06-14,51.0500,51.2820,50.8250,51.2200,1576200
2013-06-13,50.0200,51.1100,49.8400,51.0600,1740300
2013-06-12,50.3500,50.4800,49.8900,50.0000,1824200
2013-06-11,50.1100,50.1100,49.5000,49.9000,2337900
2013-06-10,50.8400,50.8600,50.2600,50.6600,1950200
2013-06-07,49.8800,50.4200,49.3400,50.4000,1953800
2013-06-06,48.2000,49.3900,47.8700,49.3900,2008300
2013-06-05,48.5700,48.7300,47.8700,48.1200,2216700
2013-06-04,48.8200,49.2500,48.3600,48.7600,1761000
2013-06-03,48.7600,49.7000,47.8950,48.9000,2251700
2013-05-31,49.2100,49.5900,48.7600,48.8100,2482100
2013-05-30,49.5400,49.9600,49.2200,49.2800,2527400
2013-05-29,49.3100,49.8600,49.1500,49.5500,2072200
2013-05-28,48.5700,50.0500,48.5700,49.8200,2743000
2013-05-24,47.9500,48.1700,47.7100,48.0500,1069300
2013-05-23,48.2200,48.5700,47.9000,48.3500,1531300
2013-05-22,49.1500,49.6300,48.4600,48.7700,2164300
2013-05-21,48.8000,49.2500,48.7600,49.0500,2110600
2013-05-20,48.5100,48.8900,48.4000,48.7900,2524700
2013-05-17,47.0800,48.5700,47.0700,48.5200,4484900
2013-05-16,46.4400,47.4000,46.4050,47.0000,2372800
2013-05-15,46.2700,46.6300,46.2230,46.5300,3662900
2013-05-14,45.6000,46.3600,45.3850,46.3300,2345200
2013-05-13,45.2400,45.8400,45.1600,45.5600,1828600
2013-05-10,45.3900,46.0900,45.2400,45.4000,1833300
2013-05-09,46.1600,46.3000,44.9900,45.2400,2299800
2013-05-08,46.4000,46.5500,46.0000,46.1000,2099800
2013-05-07,46.5000,46.5400,45.9800,46.3100,2179100
2013-05-06,45.7700,46.3800,45.7700,46.2700,3356300
2013-05-03,46.1100,46.5000,45.6770,45.7400,3135800
2013-05-02,45.6500,46.3500,45.3800,45.5000,1915900
2013-05-01,46.0100,46.7100,44.6100,45.4700,3172800
2013-04-30,45.4700,46.2100,45.1600,46.2100,2285000
2013-04-29,44.8700,45.5100,44.6900,45.3300,2498100
2013-04-26,44.7400,45.0800,44.2900,44.7000,2444200
2013-04-25,44.0800,44.7800,44.0800,44.6800,2351400
2013-04-24,43.0400,43.8650,43.0300,43.7900,2626600
2013-04-23,42.5100,42.9900,42.4200,42.9200,1365100
2013-04-22,42.0000,42.4600,41.4000,42.2100,560000
2013-04-19,41.2450,41.9250,40.9900,41.8400,1011600
2013-04-18,41.8900,42.1680,40.7800,40.9400,1728700
2013-04-17,43.2100,43.2400,41.3400,41.8700,1510800
2013-04-16,42.7200,43.6100,42.4600,43.5500,4587500
2013-04-15,44.5300,44.5600,42.3200,42.3200,2057300
2013-04-12,44.0500,44.9000,44.0500,44.8900,1186800
2013-04-11,43.7400,44.5400,43.6300,44.2500,1828100
2013-04-10,42.7300,43.6400,42.4900,43.6400,1749000
2013-04-09,42.5900,42.9300,42.0400,42.5000,1645700
2013-04-08,42.5800,43.0900,42.3000,42.4900,994200
2013-04-05,42.6000,42.8300,42.0700,42.7400,1285200
2013-04-04,43.2800,43.5100,42.7800,43.2600,1419900
2013-04-03,44.0600,44.3300,43.1400,43.3600,1760200
2013-04-02,44.2800,44.5000,43.9300,44.1100,1404400
2013-04-01,44.3800,44.4500,43.9200,44.0000,878600
2013-03-28,44.5200,44.5200,44.0200,44.4000,1978600
2013-03-27,44.1400,44.6500,44.0800,44.5200,1698700
2013-03-26,43.3400,44.4600,43.1200,44.4500,2104400
2013-03-25,43.3600,43.5600,42.7900,42.9200,1630100
2013-03-22,43.4700,43.5900,43.0100,43.2100,997000
2013-03-21,43.0900,43.4650,43.0500,43.3800,1375000
2013-03-20,43.4300,43.4900,43.0200,43.3400,1963300
2013-03-19,43.0300,43.1350,42.5800,43.1100,1727300
2013-03-18,42.8000,43.3000,42.4200,42.7900,1835600
2013-03-15,43.0800,43.5600,43.0200,43.2800,6132800
2013-03-14,43.3000,43.3000,43.0500,43.2500,2235300
2013-03-13,42.9700,43.2600,42.8700,43.2000,2850300
2013-03-12,43.2600,43.2700,42.9600,43.0300,2523700
2013-03-11,42.9300,43.2300,42.9100,43.2000,2516700
2013-03-08,43.0400,43.1800,42.7900,43.0000,2493100
2013-03-07,42.5100,42.8200,42.3200,42.7400,3382800
2013-03-06,42.7300,42.7300,41.8400,42.3600,3212700
2013-03-05,42.5600,42.5800,42.1601,42.5000,2371300
2013-03-04,42.2000,42.4010,41.9700,42.2700,2425300
2013-03-01,41.5700,42.2550,41.3100,42.2000,2907300
2013-02-28,41.8300,42.0600,41.6100,41.8500,3388700
2013-02-27,39.7600,42.0200,39.6000,41.8000,7984900
2013-02-26,38.5300,40.1100,38.2800,39.7300,3741600
2013-02-25,38.5000,38.5600,38.0700,38.1300,2291800
2013-02-22,38.0000,38.3700,37.8100,38.3700,2102600
2013-02-21,38.6500,38.7300,37.4600,37.9100,1939700
2013-02-20,39.6700,39.7500,38.7700,38.7900,2145200
2013-02-19,40.0800,40.0800,39.5700,39.7600,1957800
2013-02-15,40.3200,40.3200,39.9200,39.9800,2256700
2013-02-14,39.7400,40.0100,39.7100,39.9700,2137300
2013-02-13,39.8100,40.0500,39.7400,39.9500,2281400
2013-02-12,39.1800,39.8600,39.1100,39.8100,2940900
2013-02-11,38.5200,39.2400,38.3800,39.1900,1678500
2013-02-08,38.3000,38.5300,38.0800,38.5200,2216900
2013-02-07,38.6800,38.9100,37.9900,38.3100,2269700
2013-02-06,39.0800,39.1800,38.4800,38.6000,2419500
2013-02-05,38.9800,39.8400,38.9100,39.3400,5064500
2013-02-04,39.0300,39.3600,38.7500,38.8100,2482200
2013-02-01,38.8200,39.2500,38.8100,39.2200,2565100
2013-01-31,38.7500,38.8800,38.2900,38.6600,2404700
2013-01-30,39.5400,39.5400,38.8500,38.8800,2070500
2013-01-29,39.6000,39.7600,38.8100,39.5900,2772200
2013-01-28,39.3700,39.9800,39.2600,39.8000,3034900
2013-01-25,38.9400,39.3000,38.9000,39.2700,2532500
2013-01-24,38.6800,39.0900,38.6800,38.8700,1536700
2013-01-23,38.7000,38.9950,38.4800,38.6500,1956700
2013-01-22,38.6900,38.8900,38.4150,38.8500,1667700
2013-01-18,38.9300,39.0950,38.2900,38.8200,2273600
2013-01-17,38.4700,39.2700,38.4700,39.0000,2818100
2013-01-16,38.2000,38.3900,37.6900,38.3200,2151400
2013-01-15,37.2400,38.3700,37.2400,38.2900,3746700
2013-01-14,38.0700,38.1600,37.3350,37.6200,3360700
2013-01-11,38.6300,38.8600,37.9500,38.0900,1878700
2013-01-10,38.8300,39.0600,38.4000,38.8100,3135000
2013-01-09,38.2600,38.6400,38.2400,38.4700,3827400
2013-01-08,38.1700,38.5800,38.0500,38.1800,2485700
2013-01-07,38.2500,38.3050,37.8100,38.1900,2021000
2013-01-04,38.4900,38.6800,38.2100,38.5100,2725900
2013-01-03,38.2400,38.3800,37.8000,38.3500,4535900
2013-01-02,39.0400,39.2400,38.6700,38.8800,3903900
2012-12-31,37.6500,38.2800,37.5400,38.2500,4785400
2012-12-28,37.9300,38.1000,37.6850,37.7200,3667500
2012-12-27,37.1600,38.2400,37.1200,38.1300,4566800
2012-12-26,36.2600,37.2750,36.1900,37.2200,3178500
2012-12-24,36.2100,36.4300,35.9200,36.2800,1599200
2012-12-21,35.7200,36.2800,35.6200,36.1400,73242400
2012-12-20,35.3700,36.0900,35.2300,36.0400,6629100
2012-12-19,35.7800,35.9100,35.1364,35.6500,14334200
2012-12-18,34.3600,34.5900,34.1400,34.4500,2403900
2012-12-17,34.3200,34.7300,34.2400,34.3700,2990900
2012-12-14,34.2300,34.3600,34.0501,34.2600,9622500
2012-12-13,34.3200,34.7200,34.1200,34.3300,2634300
2012-12-12,34.3100,34.7600,34.2100,34.3900,5104200
2012-12-11,34.2100,34.3100,33.9700,34.2300,1670300
2012-12-10,34.0400,34.2000,33.8400,34.0500,375120
2012-12-07,34.0100,34.1000,33.7200,33.9700,2145900
2012-12-06,34.0700,34.0700,33.8300,33.9300,1642000
2012-12-05,34.0700,34.1400,33.6200,33.8700,1651600
2012-12-04,33.7900,34.0000,33.5100,33.9000,1832100
2012-12-03,34.2400,34.2600,33.4300,33.5000,1688700
2012-11-30,34.0300,34.2800,33.6200,33.9900,2679400
2012-11-29,33.8200,34.1100,33.7800,33.9700,2977300
2012-11-28,33.2700,33.7500,33.2000,33.6000,1682700
2012-11-27,33.3700,33.7800,33.2900,33.4300,2183700
2012-11-26,33.9000,34.3000,33.2900,33.3600,2272900
2012-11-23,33.8800,34.1000,33.6600,34.0500,807500
2012-11-21,33.5500,33.7100,33.4300,33.6000,1011300
2012-11-20,33.3500,33.4500,32.8800,33.4000,2112000
2012-11-19,32.4700,33.7500,32.2891,33.3700,2102100
2012-11-16,31.8700,32.2200,31.5700,32.1400,4471100
2012-11-15,31.7900,32.5000,31.3800,31.6800,1763100
2012-11-14,32.3500,32.4900,31.8200,31.9300,1772400
2012-11-13,32.2300,32.5000,32.0330,32.1900,4479600
2012-11-12,32.4600,32.6700,32.1550,32.4600,1797600
2012-11-09,31.5400,32.5400,31.4550,32.2500,2772500
2012-11-08,32.1400,32.4600,31.5000,31.6900,1826000
2012-11-07,32.4400,32.5700,31.9500,32.0800,962100
2012-11-06,32.5100,32.9800,32.0300,32.8600,1591800
2012-11-05,32.2300,32.8900,32.1200,32.2000,1600600
2012-11-02,33.0200,33.9500,32.7600,32.8600,4647500
2012-11-01,31.7600,32.7800,30.2600,32.5600,5248500
2012-10-31,30.2200,31.7800,30.0000,31.4400,2002200
2012-10-26,31.5700,31.6764,30.5000,30.5000,1813800
2012-10-25,31.7200,31.7900,31.3300,31.4300,1075500
2012-10-24,31.4600,31.9300,31.3101,31.3400,1152600
2012-10-23,31.6400,31.6400,30.7700,31.3900,1820800
2012-10-22,31.9800,32.3400,31.8000,32.3400,1145100
2012-10-19,32.3200,32.4600,31.8500,31.9200,1093100
2012-10-18,32.5000,32.8000,32.3000,32.4600,920900
2012-10-17,32.7400,32.7500,32.4000,32.5000,1005700
2012-10-16,32.4800,32.7800,32.1700,32.7600,1075700
2012-10-15,32.1400,32.5000,31.9500,32.4800,1162000
2012-10-12,31.9900,32.2300,31.7300,32.0800,1459600
2012-10-11,31.6800,32.3000,31.6700,32.0300,1284800
2012-10-10,31.9600,32.1050,31.3400,31.4900,1179300
2012-10-09,32.3200,32.3550,31.6600,31.8800,1151000
2012-10-08,32.3000,32.4595,32.0600,32.2700,844600
2012-10-05,32.4100,32.5500,32.1100,32.5000,1500000
2012-10-04,31.8000,32.3900,31.7600,32.2000,2042500
2012-10-03,31.7800,32.3200,31.3100,31.5600,1561900
2012-10-02,31.5500,31.5900,31.2100,31.5400,2013800
2012-10-01,31.2500,31.5500,30.6300,31.3000,3072800
2012-09-28,31.2600,31.3300,30.8300,31.0000,1470900
2012-09-27,31.5200,31.5800,31.1300,31.2600,1380300
2012-09-26,31.2700,31.5750,30.6100,31.3400,1301200
2012-09-25,31.7100,31.8200,31.3700,31.3700,2197200
2012-09-24,31.4500,31.6800,31.2800,31.6600,965900
2012-09-21,32.2100,33.3400,31.6400,31.7800,2999400
2012-09-20,31.6800,32.1600,31.5000,32.0200,2355200
2012-09-19,31.6300,32.1600,31.6000,32.0200,2417800
2012-09-18,31.5000,31.8150,31.2500,31.7400,2338100
2012-09-17,31.7100,31.7700,31.3900,31.6200,1536200
2012-09-14,31.5800,32.1600,31.4100,31.8200,5899200
2012-09-13,30.9000,31.0060,30.2200,30.7600,2517600
2012-09-12,31.1600,31.4600,30.9000,30.9800,2092000
2012-09-11,30.8700,31.1500,30.8500,31.1000,1728500
2012-09-10,30.9400,31.1300,30.7900,30.8700,1709600
2012-09-07,30.8200,31.2100,30.7900,31.1500,2177400
2012-09-06,30.2900,30.8700,30.2300,30.8600,5503900
2012-09-05,30.0700,30.2400,29.9300,30.0000,1791900
2012-09-04,30.4600,30.4800,29.8700,30.0000,2390700
2012-08-31,30.1200,30.4400,29.6800,30.2900,13909400
2012-08-30,30.2500,30.2800,29.5500,29.7900,1658900
2012-08-29,30.4500,30.5200,29.8900,30.2000,2728700
2012-08-28,29.4400,30.5300,29.3700,30.5300,3772900
2012-08-27,29.1600,29.6700,29.0600,29.5600,1807000
2012-08-24,29.0500,29.2400,28.9900,29.1800,2105500
2012-08-23,29.1300,29.2700,28.9800,29.1300,1428000
2012-08-22,29.1600,29.3900,29.0500,29.2400,2077500
2012-08-21,29.5000,29.5000,29.0000,29.3000,2468800
2012-08-20,29.5100,29.5350,29.2300,29.3900,5325300
2012-08-17,29.4200,29.7200,29.2300,29.5000,3216300
2012-08-16,28.7500,29.5100,28.6300,29.3700,5962100
2012-08-15,28.6000,28.7200,28.3500,28.4800,1613300
2012-08-14,28.9400,28.9400,28.5100,28.6300,882900
2012-08-13,28.5700,28.9000,28.4300,28.7100,790400
2012-08-10,28.9700,29.0000,28.3000,28.5400,700200
2012-08-09,28.6200,29.0500,28.4300,28.9400,705000
2012-08-08,28.8900,29.1100,28.6600,28.6900,561000
2012-08-07,28.5600,29.5000,28.5600,29.0400,4420800
2012-08-06,28.3700,29.2000,28.3300,29.0200,910600
2012-08-03,27.9700,28.4800,27.7500,28.3300,843500
2012-08-02,27.6800,28.0000,27.4400,27.4900,1398500
2012-08-01,28.4100,28.6500,27.6800,28.1000,1579200
2012-07-31,28.0000,29.0400,28.0000,28.3900,3320400
2012-07-30,27.7200,28.1400,27.6000,27.9900,1511200
2012-07-27,27.0000,27.9100,26.8000,27.7800,2670700
2012-07-26,27.0500,27.0500,26.6200,26.9500,1834200
2012-07-25,26.7000,26.8300,26.5900,26.7100,1085600
2012-07-24,26.9900,26.9900,26.2500,26.5100,1539200
2012-07-23,26.3700,26.9300,26.1400,26.8900,1387500
2012-07-20,27.0000,27.0900,26.7600,26.9800,2620100
2012-07-19,27.3400,27.4400,27.1200,27.2000,2396600
2012-07-18,27.0600,27.6277,26.9700,27.2100,1060000
2012-07-17,26.7000,27.0100,26.3200,27.0000,869500
2012-07-16,26.7200,26.8200,26.4100,26.6300,673000
2012-07-13,26.2300,27.0100,26.2000,26.8700,1740400
2012-07-12,26.0400,26.5000,25.3000,26.2600,2239800
2012-07-11,26.4400,26.5500,25.8700,26.1300,1456500
2012-07-10,26.6600,26.8700,26.2200,26.5300,3261800
2012-07-09,26.2800,26.7100,26.2100,26.6600,2179300
2012-07-06,26.5200,26.5600,26.1200,26.4000,1269500
2012-07-05,26.1700,27.0000,26.0700,26.8100,2324800
2012-07-03,25.4100,26.4100,25.2600,26.3100,1457800
2012-07-02,25.6000,25.6500,24.9000,25.2900,1528900
2012-06-29,25.8100,26.2800,25.2000,25.5000,2426800
2012-06-28,25.5300,25.5700,24.8600,25.4300,3287900
2012-06-27,25.7500,26.0200,25.5800,25.7400,2367300
2012-06-26,25.7500,26.0200,25.4350,25.9100,2665900
2012-06-25,27.6000,27.6000,25.5200,25.7500,2914400
2012-06-22,27.7900,27.8200,26.6600,27.0200,15518600
2012-06-21,28.5600,28.5900,27.4200,27.5700,3292100
2012-06-20,29.2500,29.3500,28.4900,28.5800,3309700
2012-06-19,29.0400,30.0100,28.9300,29.1000,4313000
2012-06-18,28.3100,29.1600,28.3100,28.9100,1748300
2012-06-15,28.4000,28.7400,28.2300,28.5400,1800500
2012-06-14,28.3300,28.8900,28.1700,28.4400,2794400
2012-06-13,28.8100,28.8800,28.4800,28.6000,2113600
2012-06-12,28.4300,28.9300,28.2300,28.8700,4193800
2012-06-11,29.1000,29.1000,28.4800,28.5000,2569200
2012-06-08,28.3000,28.8300,28.0200,28.7500,752100
2012-06-07,28.6200,29.1500,28.4400,28.5300,2945800
2012-06-06,28.5700,29.4900,28.5600,29.0000,3327400
2012-06-05,27.6900,28.5600,27.6600,28.2700,2073900
2012-06-04,28.2300,28.4100,27.3200,27.7300,3362700
2012-06-01,28.4000,28.5900,27.9700,28.2400,2827100
2012-05-31,29.0900,29.3100,28.5200,29.0300,8916100
2012-05-30,29.4800,29.4800,28.8300,28.8500,4069100
2012-05-29,28.7300,29.8400,28.5900,29.8400,3305000
2012-05-25,29.0100,29.0100,27.7100,28.4500,7544700
2012-05-24,28.2500,28.2500,27.3950,27.7000,2519600
2012-05-23,28.0000,29.4000,27.5200,28.0300,3818100
2012-05-22,28.1300,28.3900,27.9400,28.1900,3756900
2012-05-21,27.3800,28.2000,27.3800,28.0000,3584100
2012-05-18,27.4900,27.8100,26.9400,27.2600,4491900
2012-05-17,28.1200,28.1200,27.1800,27.4900,7158000
2012-05-16,28.1200,28.7050,27.9300,27.9800,5832900
2012-05-15,27.7300,27.9900,27.3700,27.6100,6405700
2012-05-14,28.3200,28.5350,27.9320,28.0100,2025500
2012-05-11,28.4200,29.2400,28.2700,28.7200,1129800
2012-05-10,28.7000,29.0000,28.5800,28.7900,946700
2012-05-09,28.2400,29.0300,27.8900,28.5300,2503800
2012-05-08,29.3700,29.4000,28.3550,28.5000,3359100
2012-05-07,29.3700,29.8900,29.0200,29.6500,699000
2012-05-04,30.3800,30.3800,29.2900,29.3700,1582900
2012-05-03,30.8000,30.9000,30.3400,30.4500,2788200
2012-05-02,30.5500,30.8200,30.2400,30.7400,2937200
2012-05-01,30.7900,31.2600,30.5300,30.8600,1970100
2012-04-30,31.0900,31.0900,30.4600,30.6900,2173400
2012-04-27,30.7500,31.1300,30.5200,31.1100,3058000
2012-04-26,30.9400,31.0000,30.4900,30.6200,1832700
2012-04-25,30.5000,30.9500,30.5000,30.8500,2687800
2012-04-24,31.2200,31.3400,30.1500,30.2200,5682100
2012-04-23,31.4100,31.9000,31.3500,31.5000,1111200
2012-04-20,32.0600,32.1400,31.6000,31.8700,605000
2012-04-19,32.2600,32.7700,31.5000,31.8600,1213800
2012-04-18,32.0100,32.5100,31.9500,32.2000,1154300
2012-04-17,32.3400,32.8400,31.9100,32.1100,5030200
2012-04-16,32.3200,32.3200,31.6350,31.9900,4461700
2012-04-13,31.5600,31.9700,31.4400,31.8500,973300
2012-04-12,31.8500,32.3500,31.2600,31.7700,2220700
2012-04-11,31.1700,31.6800,30.9300,31.4900,2265800
2012-04-10,31.1400,31.6500,30.5800,30.8400,2021400
2012-04-09,31.2400,31.5700,31.1500,31.2700,1284700
2012-04-05,31.5000,32.0000,31.5000,31.7600,813000
2012-04-04,31.0600,31.6700,30.7500,31.6300,2185400
2012-04-03,31.5800,31.7500,31.0000,31.2700,1203700
2012-04-02,31.7000,31.7600,31.4700,31.5500,2317300
2012-03-30,32.0800,32.1700,31.4300,31.6000,10099000
2012-03-29,32.4000,32.4000,31.4001,31.7700,1822300
2012-03-28,31.8000,32.0600,30.5800,31.5600,1451600
2012-03-27,32.2300,32.6100,31.7100,31.9100,1401600
2012-03-26,31.3500,31.9700,31.0700,31.9600,1234300
2012-03-23,30.9300,31.0800,30.3900,30.9700,722200
2012-03-22,31.1700,31.1700,30.7800,30.9700,384400
2012-03-21,31.3900,31.7400,31.1400,31.2600,879700
2012-03-20,31.1500,31.4900,30.6400,31.1400,1751200
2012-03-19,31.9300,32.0600,31.4800,31.5500,2131200
2012-03-16,31.7500,32.1000,31.6400,32.0000,1708000
2012-03-15,31.9000,32.1300,31.6100,31.7200,1337300
2012-03-14,31.8600,32.2900,31.0500,31.7800,1888600
2012-03-13,32.0400,32.0600,31.6700,31.9500,1291600
2012-03-12,31.9100,32.3000,31.5400,31.9200,3487700
2012-03-09,31.5500,31.9000,31.4500,31.8300,640500
2012-03-08,30.4600,31.9100,30.2500,31.7000,3596200
2012-03-07,29.8000,30.8700,29.8000,30.0100,681500
2012-03-06,31.3700,31.6500,29.7900,29.9800,1050600
2012-03-05,32.3000,32.6290,31.3500,31.6400,1848400
2012-03-02,31.7300,32.4900,31.7300,32.3300,1627300
2012-03-01,32.1300,32.4900,31.3700,32.0000,2565300
2012-02-29,32.1800,32.4500,31.6100,32.0000,2462100
2012-02-28,31.4700,32.1800,31.4000,31.8800,1289800
2012-02-27,31.3900,31.6300,31.0300,31.2900,2161700
2012-02-24,30.9500,31.7500,30.8000,31.3900,1117000
2012-02-23,31.1700,31.4000,30.5600,31.0000,1172000
2012-02-22,31.0500,31.3500,30.3100,31.0200,1451700
2012-02-21,32.9100,32.9800,30.3400,30.9300,3841400
2012-02-17,30.5600,31.5000,30.1700,31.2900,4487500
2012-02-16,29.5000,30.7900,29.3600,30.3200,4869500
2012-02-15,29.2400,29.8100,29.1300,29.3800,4789300
2012-02-14,29.1900,29.4900,28.7500,29.0600,8621700
2012-02-13,30.0100,30.2500,29.9300,30.0100,1477600
2012-02-10,29.4900,30.1650,29.3600,30.0400,1489800
2012-02-09,29.9900,30.0200,29.4200,29.8000,1509800
2012-02-08,30.1800,30.2500,29.0900,29.9000,1511100
2012-02-07,30.5000,30.5000,29.6800,30.0800,791900
2012-02-06,30.6200,30.7800,29.9000,30.5200,1650400
2012-02-03,29.2400,31.0300,29.2200,30.7500,2728300
2012-02-02,28.1300,29.0400,27.8700,28.9700,571700
2012-02-01,27.1300,28.6900,26.9900,28.5900,713000
2012-01-31,27.2700,27.4900,26.5700,26.8300,553600
2012-01-30,27.1500,27.5500,26.5700,27.0800,675200
2012-01-27,26.9600,27.4000,26.1700,27.1600,2554800
2012-01-26,25.8500,26.6400,25.1645,25.9500,801600
2012-01-25,25.8100,25.8900,25.4700,25.7600,603700
2012-01-24,25.3000,25.8700,25.1800,25.8100,408100
2012-01-23,25.1800,25.8300,25.0800,25.4800,489600
2012-01-20,25.0200,25.1950,24.9400,25.1000,532000
2012-01-19,24.6800,25.1700,24.5900,25.0700,956500
2012-01-18,24.2100,25.0000,24.2100,24.5000,569700
2012-01-17,24.9500,25.1300,24.2700,24.3600,887800
2012-01-13,24.5300,25.3241,24.2800,24.8000,540900
2012-01-12,24.1000,25.0000,23.8500,24.6900,1013400
2012-01-11,23.8000,24.0200,23.5900,23.9500,227400
2012-01-10,22.9200,24.0000,22.9200,23.8300,948800
2012-01-09,22.6100,22.7100,22.4800,22.7100,418800
2012-01-06,22.1400,22.8250,22.0000,22.5500,578900
2012-01-05,22.4400,22.4400,21.7600,22.1400,672500
2012-01-04,23.2300,23.2300,21.8500,22.5400,393700
2012-01-03,22.1100,22.9300,21.7601,22.2400,980300
2011-12-30,21.4600,21.6400,21.0900,21.5400,128000
2011-12-29,21.2200,21.4300,21.0200,21.4200,289100
2011-12-28,21.7700,21.8200,21.0900,21.1900,144800
2011-12-27,22.8900,22.8900,21.3800,21.6500,443100
2011-12-23,21.8200,22.4500,21.6300,21.9400,542500
2011-12-22,21.4300,21.8500,21.4300,21.7900,374500
2011-12-21,21.3700,21.6800,21.2900,21.4000,268600
2011-12-20,21.4300,21.6900,21.1700,21.5000,320200
2011-12-19,21.0700,21.1700,20.7600,20.9900,149000
2011-12-16,20.9600,21.5000,20.7400,20.9700,210300
2011-12-15,20.9800,21.8800,20.7900,20.9600,712900
2011-12-14,21.0800,21.1900,20.5500,20.6400,1052600
2011-12-13,21.6500,21.8200,21.2100,21.3100,558700
2011-12-12,21.4000,21.5900,21.2500,21.5100,431500
2011-12-09,21.6200,21.9800,21.2500,21.7500,492700
2011-12-08,21.7200,21.9400,21.6200,21.6900,377900
2011-12-07,21.9300,22.1000,21.8200,22.0000,157600
2011-12-06,21.6400,22.2500,21.6100,22.1300,524100
2011-12-05,21.4500,21.9100,21.4000,21.7700,2067800
2011-12-02,20.9500,21.4500,20.9000,21.3700,584500
2011-12-01,20.9500,21.0500,20.3500,20.8100,479900
2011-11-30,20.1500,21.4600,20.1216,20.8400,569700
2011-11-29,20.0000,20.0000,19.7000,19.9900,534000
2011-11-28,19.8600,20.3200,19.6700,20.0400,700300
2011-11-25,19.5500,19.8200,19.5000,19.6500,279600
2011-11-23,19.7000,19.7500,19.2200,19.6300,1061400
2011-11-22,20.3000,20.7100,19.6500,19.9000,2988700
2011-11-21,21.0000,21.2300,20.0200,20.3000,2366400
2011-11-18,21.3500,21.5300,20.7500,21.0000,2718500
2011-11-17,21.2500,21.9200,21.2500,21.3300,17557500

